19023.16654739517
19595.35626803824
19197.53282573014
18861.89626987754
20072.89219275483
19772.93125799964
19958.77676990968
21845.14480292509
21628.9626387233
22266.02564544341
22313.95908466182
22988.51250574816
24083.26284338007
24653.46521870786
23501.69078561385
25259.40670762549
24309.11820410482
25047.64268657226
24498.00954062039
25217.00268719481
24769.61790204138
23982.31732103784
24490.9114137893
23467.50907590632
23109.47441292098
21947.63043332666
22205.98559259111
22139.60399934078
20922.03313146896
20997.23736102955
