324146.9850267051
290792.8178350636
289352.7726733019
230646.8430008324
13541082.42933932
308455.6270155764
418810.648836253
11373331.79043892
12051142.69510555
12228295.44903955
5256255.938073272
16804928.87026002
14471715.93258059
15013704.17551683
13763300.41084483
13842872.29836393
13691131.31698891
13459756.91548554
12238992.21030529
10945245.70452137
10513233.01391352
10332803.41135516
9758842.710116947
9273940.605972048
8667883.26957849
7975498.041572784
7348328.569106061
6974381.771353318
5921455.18234459
6068315.126494358
