6456.219061247812
6662.655881256904
6950.362725432128
7041.306935813573
6673.244215620812
7012.263583424437
7125.692425138762
7242.198953065182
7489.354142801558
7459.197039448489
7172.272273232433
7723.023312797218
7542.722162041688
7849.26627197321
7629.902468755971
7913.877819948345
7901.608018291293
8022.643916877823
8010.680081631922
8018.851378709832
7991.528188594603
8063.207834989406
7941.788894458072
7974.245779199623
7907.325690640858
7784.17919504638
7840.387153451367
7806.173941645314
7592.345205872588
7559.271675397578
