2775.985129626638
2766.57900347903
2806.563705102575
2941.373478246984
2884.924144831367
2904.917052418564
2922.270674066733
3029.678282769493
2974.685718366783
3043.816049211262
2975.311306275636
2998.36563861093
3088.847338074972
3109.301252211101
3175.104202466346
3112.758848558458
3134.435340806336
3137.745972386163
3199.51139985489
3225.599577220561
3218.579580130507
3216.223675626693
3265.083441613977
3257.992343257119
3214.293577778268
3245.960033654972
3238.365221073077
3212.588753425022
3154.989018772961
3192.623430585035
