480936.2877034656
575781.883030101
493538.3069967847
575578.7224049447
563108.1338487405
528544.6772846188
523104.4786893292
540919.0836775955
502612.3967197056
528306.840609749
531343.4574763512
521342.4136252981
505236.858894502
486070.6909520454
484959.5154710764
475854.2573044345
459429.5531039012
464855.8733547657
448248.3107482323
441822.8634738663
434765.8452863094
420042.7617505965
416275.7817461671
410408.8497263804
394246.3084156327
392384.3518805566
370895.9608428032
375974.0163634073
365949.2438967478
356206.360070257
