4434670.933537859
1089105.005823279
6455021.792466493
6723306.159803459
6635779.32838306
6040995.147482127
5726607.829665505
7614996.324703628
7967517.703051363
2264228.920731857
7601920.210921776
6668699.859219193
5667464.251556878
6117047.423879312
5640623.250193158
6140847.165230527
5914502.284047971
5829063.496014369
5383776.722510552
5324327.328033783
4883833.099596087
4852317.568466785
4619843.945693287
4820210.672612294
4190538.049931409
3962179.359956145
4006412.307691705
3318899.609002016
3171637.712299909
3172081.133709973
