2501891.573179561
1283384.827478719
2520420.434936399
2513137.32054691
2309412.879111458
2623491.590167953
2269851.101702211
2438404.372803626
2106284.917675943
2491967.764318132
2437968.675259557
2367796.91801738
2389597.978649153
2265215.283477524
2223895.942363275
2178693.143780594
2077279.407139295
1993499.091511088
1958689.812624396
1958874.076213384
1857735.007570196
1753066.162883474
1759293.382950794
1674634.083116709
1636133.748970768
1530180.454702641
1474546.503323598
1428815.320884919
1404764.216270621
1386530.99445775
