11904.61301713129
11716.66375009149
11986.65678767483
12359.10120836093
13010.0067975747
12764.12717545887
13324.87399851953
12637.17027012446
13125.90956070753
13380.93827984237
13500.0655247578
14313.19372365208
14324.70254587438
14632.5116153102
14858.06945234555
14899.08766628809
15347.42891915305
14966.74137050029
15227.72145602366
15139.23245784287
15395.15993976895
15245.05691205897
15152.14415769467
14844.88554296669
14448.69934218724
14478.58446372644
14620.28600313722
13957.82872617686
13585.55330910786
13612.41388921195
