372
342
324
332
332
348
322
290
232
250
224
234
254
250
224
220
224
252
272
264
266
278
294
282
282
272
302
306
286
274
250
284
284
290
294
294
288
284
276
280
266
270
244
222
248
268
242
236
236
228
262
294
292
296
284
294
302
308
312
316
340
346
330
332
328
324
280
264
276
278
300
264
268
268
248
234
218
200
188
164
198
182
174
154
140
168
172
168
138
140
130
150
154
146
200
204
154
184
212
214
232
256
250
228
204
194
184
170
202
230
264
256
250
254
274
284
266
248
242
232
238
218
204
190
194
202
180
162
170
200
220
198
194
194
170
172
158
170
174
196
224
238
234
218
220
224
212
202
188
232
222
222
204
216
222
222
238
224
204
232
228
228
228
236
284
268
262
276
262
280
266
300
286
294
294
258
250
266
256
244
214
206
190
202
186
166
136
102
156
146
160
180
164
172
194
214
226
234
228
240
192
216
240
262
272
258
286
272
294
288
266
276
270
294
274
282
274
274
276
262
306
310
336
332
328
338
330
330
340
354
368
376
358
356
354
322
344
342
300
310
326
326
330
336
344
344
344
326
326
314
334
334
306
298
264
274
288
300
288
292
268
304
288
258
238
260
234
220
232
230
256
282
312
296
314
338
302
284
282
304
300
326
340
336
336
306
314
300
300
290
282
296
310
320
292
286
248
246
246
230
246
238
272
250
234
250
244
216
252
270
232
242
234
232
230
220
214
200
198
210
190
180
162
154
146
142
136
150
152
150
156
138
164
164
166
160
180
170
196
190
166
152
140
156
108
78
44
42
22
26
44
62
52
44
66
54
56
70
68
74
104
100
76
76
70
74
96
96
124
112
98
92
102
102
128
146
110
96
102
126
126
122
98
78
80
80
68
56
64
60
32
36
78
92
108
124
120
106
110
72
66
70
54
48
52
26
24
34
6
44
84
74
40
-12
2
18
12
22
2
-42
-76
-58
-120
-128
-158
-118
-96
-140
-132
-126
-120
-136
-180
-180
-148
-182
-180
-206
-216
-234
-270
-274
-256
-266
-262
-286
-270
-258
-226
-236
-212
-172
-160
-138
-146
-160
-154
-166
-146
-146
-128
-108
-80
-44
-80
-94
-72
-80
-44
-24
-24
-30
-34
-6
-4
8
-22
-20
-40
-54
-18
-20
-10
-4
4
-18
-10
0
22
40
34
50
44
30
24
10
48
32
40
52
68
76
72
74
68
88
80
72
84
90
92
90
104
78
94
90
88
84
76
22
24
10
-34
-20
-24
-6
-12
6
-6
-8
-6
12
42
46
66
60
64
60
76
74
88
76
96
120
98
134
128
92
98
74
86
116
126
128
120
120
142
128
152
134
134
148
118
120
142
112
86
50
90
80
54
82
78
72
56
94
76
90
68
36
48
48
32
26
-4
-10
-16
-14
-16
-28
-14
-66
-82
-56
-52
-60
-38
-14
-28
-6
0
-22
-48
-80
-80
-76
-94
-122
-84
-92
-88
-102
-106
-80
-120
-128
-114
-108
-98
-106
-104
-138
-150
-154
-90
-48
-16
-22
-42
-42
-54
-86
-104
-132
-120
-86
-90
-104
-74
-48
-20
10
-20
-26
-40
14
26
34
24
-2
-10
-36
-18
-12
0
60
60
72
86
74
96
66
42
22
22
36
32
56
50
58
72
30
32
78
112
80
112
110
92
96
92
110
98
90
106
72
46
42
26
30
28
24
2
-36
-34
-54
-84
-102
-106
-86
-100
-92
-86
-98
-98
-110
-76
-66
-64
-76
-54
-76
-68
-100
-110
-92
-118
-76
-58
-46
-74
-48
-20
-60
-58
-64
-88
-82
-84
-88
-142
-148
-142
-120
-154
-144
-134
-120
-138
-164
-148
-124
-112
-164
-168
-196
-164
-146
-118
-94
-98
-114
-136
-102
-62
-48
-46
12
-42
-28
-20
-18
-36
-76
-84
-100
-136
-138
-142
-126
-114
-144
-130
-154
-134
-114
-128
-144
-158
-150
-148
-158
-150
-144
-178
-128
-112
-98
-90
-94
-68
-42
-10
24
64
34
58
52
70
52
0
-8
6
14
8
12
44
26
8
-4
-40
-66
-106
-114
-92
-80
-114
-78
-104
-128
-130
-102
-78
-68
-56
-76
-116
-74
-86
-78
-92
-98
-102
-104
-62
-72
-42
-54
-70
-66
-30
-80
-94
-28
-12
10
8
12
-28
20
34
36
78
82
70
94
94
58
58
54
46
14
40
54
54
102
106
106
112
130
168
186
210
204
196
180
218
200
210
244
234
244
278
288
284
272
252
260
260
222
192
164
176
172
154
176
188
162
180
180
194
182
184
162
152
158
144
158
156
164
124
136
122
88
136
176
168
194
180
156
128
152
150
152
168
166
140
108
130
112
138
212
228
236
226
202
196
178
164
150
136
78
104
80
90
108
130
152
160
120
58
66
50
38
50
72
82
64
58
52
42
58
66
46
38
18
24
10
14
20
34
62
26
-2
-32
-52
-36
-20
-40
-66
-68
-60
-62
-70
-58
-42
-10
8
-26
-8
-8
40
72
46
52
74
58
58
64
64
70
76
88
86
92
110
80
90
88
76
80
56
98
130
108
114
122
120
98
146
166
208
226
244
282
292
336
328
310
290
282
290
308
282
314
316
310
292
258
306
300
324
316
334
330
322
326
314
312
316
314
320
336
340
348
348
326
330
312
320
306
304
312
312
322
300
306
286
276
250
198
202
236
236
228
228
218
204
210
214
226
210
198
210
204
188
204
208
216
206
214
234
242
220
208
212
174
174
156
138
144
170
170
188
210
238
230
254
266
268
256
256
266
266
258
260
262
240
238
216
216
242
252
248
262
262
254
270
284
274
286
296
308
270
272
242
240
204
236
242
264
292
302
302
324
342
338
318
296
306
304
324
328
338
320
266
270
292
274
256
270
268
252
252
244
240
208
182
200
196
204
226
200
182
140
180
172
194
166
142
86
92
76
82
106
80
50
66
82
98
112
100
122
118
96
92
76
86
72
92
68
60
76
90
102
128
120
98
136
112
98
74
76
68
80
72
58
84
76
72
68
56
60
46
20
12
38
48
64
62
66
50
42
-4
10
16
30
22
30
40
24
24
54
44
18
6
-20
-12
-12
-32
-40
-36
-34
-50
-56
-20
-4
4
-6
18
-10
-30
-34
-10
-12
-46
-66
-46
-84
-98
-108
-124
-148
-150
-96
-92
-134
-156
-118
-76
-92
-60
-46
-72
-54
-90
-78
-80
-108
-86
-66
-8
8
32
16
-28
-8
-6
0
10
4
-34
-74
-56
-40
-14
-8
4
-12
-20
-36
-28
-4
12
-4
-4
-34
-34
-18
-24
-36
-62
-76
-64
-54
-40
-22
-20
-20
-2
-2
-4
-20
2
34
10
10
-30
-32
36
34
14
12
-22
-12
0
16
-18
-10
44
-14
-50
-32
-68
-78
-82
-82
-106
-72
-46
-52
-36
-56
-84
-72
-68
-34
-10
-2
-12
30
14
4
-8
-22
-24
-26
-4
18
6
6
26
-38
-40
6
-38
8
4
-28
-46
0
6
20
-14
-46
-18
-20
2
-6
58
40
38
34
48
54
50
56
44
30
28
22
6
8
2
-6
-8
-10
-4
-12
-24
-16
-20
-16
-38
-58
-106
-120
-112
-130
-128
-120
-106
-142
-140
-128
-132
-130
-116
-104
-92
-112
-112
-72
-56
-58
-74
-64
-70
-54
-62
-104
-106
-100
-114
-124
-140
-156
-138
-140
-158
-178
-174
-194
-202
-182
-166
-158
-182
-198
-222
-232
-256
-242
-250
-210
-236
-272
-276
-240
-242
-228
-220
-210
-226
-238
-260
-222
-260
-274
-302
-302
-308
-274
-284
-250
-214
-226
-246
-250
-284
-294
-284
-278
-306
-304
-286
-260
-248
-260
-272
-266
-234
-232
-232
-214
-230
-200
-232
-236
-216
-238
-230
-244
-232
-256
-226
-244
-254
-238
-228
-194
-210
-212
-174
-206
-216
-206
-236
-244
-226
-230
-246
-240
-256
-236
-224
-188
-216
-208
-206
-192
-208
-200
-202
-144
-140
-138
-152
-146
-112
-76
-62
-86
-108
-108
-80
-106
-138
-116
-102
-94
-106
-132
-110
-124
-140
-106
-80
-104
-104
-124
-114
-140
-130
-120
-118
-124
-124
-124
-142
-134
-130
-120
-130
-80
-100
-90
-82
-108
-98
-150
-142
-160
-184
-170
-188
-192
-182
-162
-136
-186
-182
-168
-176
-158
-164
-140
-88
-72
-82
-74
-82
-70
-136
-154
-154
-162
-170
-184
-178
-168
-164
-168
-154
-146
-120
-110
-132
-152
-152
-138
-142
-176
-184
-182
-196
-160
-126
-94
-78
-64
-8
10
38
38
68
78
96
90
116
106
98
152
142
116
134
138
150
136
154
126
112
90
110
90
92
80
92
38
54
56
80
92
108
112
120
128
130
128
152
100
94
98
124
112
112
84
64
58
86
62
46
30
32
36
38
58
34
20
44
72
38
28
30
18
54
64
80
106
136
136
132
130
134
140
100
94
108
128
124
170
170
176
182
140
122
118
128
102
108
110
126
120
72
106
104
154
176
178
174
190
188
142
144
146
96
86
78
60
70
88
76
60
32
-6
18
-6
-32
-52
-68
-72
-50
-58
-36
-14
-18
-56
-50
-76
-66
-88
-98
-110
-132
-126
-110
-158
-186
-186
-192
-170
-206
-194
-220
-220
-240
-256
-232
-214
-222
-212
-190
-184
-162
-196
-178
-156
-154
-140
-164
-132
-140
-164
-170
-158
-138
-152
-136
-130
-142
-152
-138
-116
-148
-146
-128
-116
-108
-92
-92
-108
-96
-102
-100
-66
-98
-100
-96
-72
-78
-90
-74
-54
-64
-72
-70
-90
-102
-94
-80
-110
-154
-192
-224
-228
-204
-196
-206
-178
-160
-136
-148
-158
-158
-170
-162
-136
-124
-104
-92
-94
-90
-106
-86
-96
-116
-54
-56
-62
-30
0
-4
20
22
10
12
20
12
-2
-4
-10
2
2
-14
-34
-36
-60
-50
-50
-58
-62
-46
-34
-20
-48
-60
-42
-54
-22
-26
2
20
2
-6
-22
-8
-46
-46
-90
-122
-110
-116
-136
-142
-108
-72
-60
-52
-70
-60
-22
-30
-30
-38
-26
0
-10
-46
-46
-38
-54
-54
-60
-92
-96
-106
-94
-82
-108
-128
-126
-112
-106
-88
-62
-70
-78
-46
-44
-56
-58
-44
-82
-74
-54
-40
-50
-74
-68
-54
-68
-82
-70
-100
-100
-72
-80
-104
-118
-106
-116
-114
-130
-108
-102
-114
-136
-114
-148
-136
-124
-128
-132
-160
-114
-114
-130
-154
-204
-216
-216
-248
-274
-268
-272
-274
-292
-324
-312
-314
-316
-314
-326
-334
-330
-316
-316
-360
-356
-372
-350
-358
-348
-338
-322
-328
-342
-334
-334
-342
-336
-350
-356
-302
-310
-300
-240
-244
-270
-270
-270
-252
-224
-216
-256
-222
-208
-228
-216
-220
-234
-210
-206
-194
-188
-184
-198
-178
-200
-218
-234
-208
-204
-198
-190
-158
-138
-156
-174
-162
-172
-196
-200
-230
-192
-172
-200
-184
-156
-194
-172
-156
-154
-172
-184
-188
-208
-186
-182
-184
-142
-112
-88
-86
-88
-118
-132
-102
-122
-110
-94
-96
-156
-166
-134
-138
-166
-140
-148
-166
-176
-188
-172
-188
-172
-134
-160
-210
-212
-206
-186
-182
-184
-192
-216
-204
-196
-234
-216
-206
-194
-168
-162
-166
-138
-160
-140
-158
-148
-140
-168
-194
-220
-192
-214
-226
-222
-202
-210
-238
-234
-256
-252
-264
-258
-258
-254
-252
-226
-216
-238
-270
-260
-268
-236
-212
-208
-174
-172
-196
-212
-194
-182
-172
-198
-196
-210
-184
-182
-156
-134
-130
-122
-156
-156
-186
-202
-242
-208
-184
-162
-188
-212
-182
-194
-168
-144
-128
-168
-174
-180
-168
-166
-184
-188
-214
-248
-258
-286
-302
-314
-314
-338
-342
-320
-328
-310
-324
-314
-312
-324
-348
-324
-316
-300
-296
-284
-256
-248
-220
-178
-204
-204
-204
-184
-180
-218
-234
-208
-272
-272
-260
-276
-256
-254
-238
-226
-220
-220
-252
-194
-184
-162
-158
-164
-172
-174
-200
-192
-178
-184
-144
-144
-140
-168
-156
-144
-142
-158
-168
-134
-126
-116
-114
-122
-106
-138
-166
-166
-188
-204
-182
-184
-196
-190
-170
-122
-154
-144
-128
-122
-102
-52
-86
-74
-78
-60
-66
-104
-74
-52
-38
-30
-62
-44
-66
-60
-16
-20
-18
-32
-50
-42
0
0
-2
6
16
24
8
32
42
46
64
8
18
16
22
30
18
60
78
52
36
40
50
26
4
-16
-52
-48
-68
-52
-82
-92
-94
-94
-80
-76
-88
-66
-26
-8
-24
8
0
4
6
-58
-46
-12
40
48
80
76
104
84
100
130
132
112
122
136
128
124
148
152
178
180
178
176
156
184
190
194
196
192
168
148
158
156
182
172
174
144
168
178
108
162
174
160
142
132
140
144
130
100
74
42
58
66
38
42
46
50
60
54
66
70
80
104
108
98
92
78
30
36
28
70
74
46
38
70
88
98
72
74
74
44
4
-8
-16
-42
-78
-60
-46
-16
0
32
48
24
60
60
56
98
56
28
34
50
36
14
8
12
58
62
82
116
116
140
130
144
126
148
158
148
156
158
158
144
144
140
130
110
120
118
126
124
108
66
34
22
-46
-22
32
50
94
56
44
40
82
102
78
104
98
120
136
192
218
222
210
214
210
218
200
224
228
224
232
248
236
220
234
218
184
184
190
166
200
196
192
212
228
200
236
258
242
240
196
176
188
202
206
196
156
140
170
174
192
212
204
202
188
170
132
116
108
124
90
110
126
108
136
166
168
164
194
178
186
176
174
186
192
200
144
152
162
116
120
90
84
102
110
84
94
44
34
34
30
30
34
42
40
54
94
94
136
122
120
140
142
162
146
126
106
96
86
110
108
126
102
146
158
168
146
174
194
164
186
176
118
142
158
132
106
110
66
70
34
44
16
46
68
38
18
34
40
52
56
78
118
118
100
94
62
88
66
44
38
38
20
16
26
26
6
-2
-14
-12
-6
-6
-6
10
4
0
6
-20
-6
16
8
-6
16
-4
-14
-6
-20
-8
-2
6
22
30
28
42
34
4
30
58
56
58
46
56
44
40
26
2
-26
-58
-34
-54
-96
-118
-118
-94
-68
-68
-82
-62
-46
-74
-94
-102
-84
-108
-74
-74
-72
-52
-36
-32
-88
-94
-84
-96
-90
-72
-68
-42
-60
-84
-82
-76
-88
-130
-112
-114
-148
-168
-144
-142
-150
-172
-190
-206
-220
-198
-206
-202
-212
-192
-200
-200
-200
-220
-206
-174
-142
-118
-108
-92
-116
-152
-142
-168
-120
-124
-130
-136
-140
-124
-160
-180
-174
-154
-134
-92
-102
-82
-66
-66
-48
-56
-80
-40
-32
-24
-32
-14
-6
-18
-6
6
42
30
38
28
34
6
16
40
60
22
6
10
-14
-84
-88
-84
-56
-62
-60
-92
-82
-114
-130
-128
-138
-116
-102
-104
-84
-94
-100
-62
-64
-90
-84
-56
-40
-38
-12
20
10
74
94
132
68
82
76
108
122
118
100
70
74
80
32
18
14
22
4
-50
-42
-24
-28
-28
-14
-12
-6
28
48
52
14
46
60
26
44
-6
-22
-26
-52
-46
-26
-30
-22
-10
-24
-48
-52
-48
-46
-42
-60
-90
-96
-94
-54
-20
-10
24
36
10
24
14
-12
8
42
54
54
54
44
34
32
38
14
24
68
84
78
102
118
144
162
136
136
110
108
68
96
114
98
94
102
96
74
68
60
38
32
76
84
86
88
86
76
80
90
118
94
114
98
94
90
126
188
168
152
162
140
154
192
170
130
136
114
124
126
104
80
82
82
42
50
78
22
40
46
38
92
84
116
136
144
126
168
208
204
216
212
198
188
180
192
166
156
152
164
140
174
206
192
208
210
214
238
278
256
256
218
256
260
220
238
228
234
258
280
300
284
278
278
320
330
320
324
296
300
304
320
280
300
302
284
300
326
318
314
324
310
326
314
316
330
346
354
350
332
328
342
344
348
358
326
318
288
286
274
274
264
308
316
340
340
314
334
302
314
306
322
308
318
304
278
274
290
280
272
290
284
266
270
264
302
322
328
318
360
354
324
340
344
330
312
318
306
288
294
304
316
292
276
262
244
278
292
304
318
334
344
326
324
312
316
284
268
224
202
216
226
214
220
232
238
240
248
264
240
274
266
258
282
284
296
290
302
276
256
288
278
294
292
284
290
262
238
222
202
234
198
200
228
212
212
206
224
218
250
262
276
258
214
236
204
190
176
216
228
226
220
196
240
226
230
264
266
268
292
254
262
260
252
220
182
194
220
228
250
268
296
296
300
306
292
300
294
306
302
296
292
294
320
322
306
312
292
288
272
272
288
308
334
326
314
300
314
318
296
262
244
280
272
270
296
282
266
284
286
272
272
262
244
258
252
270
284
296
282
302
304
292
278
290
270
272
232
214
206
206
212
198
224
218
192
200
214
210
208
212
242
232
232
258
248
262
290
320
342
322
296
286
272
306
280
264
248
250
248
252
252
260
264
252
234
246
232
262
270
264
266
278
304
288
304
330
312
326
322
312
318
274
288
314
308
300
292
312
292
252
254
262
268
298
314
310
326
328
344
352
338
318
336
344
326
336
332
326
314
322
334
332
324
322
326
332
332
320
294
330
316
312
312
342
338
338
344
348
338
306
304
312
274
296
270
278
266
274
292
280
292
332
338
330
332
318
296
306
294
302
300
274
262
228
234
196
220
226
262
298
310
298
338
340
332
334
290
286
266
260
272
254
256
220
178
192
234
222
222
252
234
204
204
164
164
156
180
238
246
250
252
268
272
292
274
276
296
280
300
268
272
262
254
282
266
238
224
208
208
242
270
278
284
254
238
240
210
220
226
236
226
210
196
190
148
126
106
140
138
170
160
162
180
170
124
128
132
104
132
124
110
118
148
176
122
126
132
150
150
190
192
182
174
156
184
208
194
152
160
202
198
208
214
202
164
154
156
174
160
158
138
148
122
158
176
174
142
108
86
124
70
46
28
54
46
46
72
78
92
100
82
70
80
90
116
100
116
136
132
156
126
126
118
106
142
116
92
86
56
50
42
68
58
120
130
86
72
82
80
70
62
62
90
102
108
102
96
124
98
82
106
116
94
102
64
44
50
44
28
6
-16
-22
-30
8
52
62
58
48
60
68
100
110
118
96
100
72
62
34
4
18
-14
24
-22
-28
-24
-52
-94
-88
-78
-64
-54
-42
-52
-28
-32
-14
-28
-18
-26
-42
-46
-12
-14
2
16
6
60
94
80
90
96
72
70
70
52
78
78
58
122
80
52
52
62
80
138
128
160
180
164
192
162
172
128
128
124
136
112
120
124
146
152
156
132
96
80
108
114
120
122
124
92
86
54
54
82
86
102
122
90
84
92
94
134
140
118
114
82
98
136
156
148
144
176
176
212
244
226
208
186
208
236
266
268
246
260
264
256
268
260
286
320
326
322
334
316
298
288
268
292
306
322
326
332
320
318
340
340
338
340
330
334
310
304
312
296
308
296
292
268
312
294
286
246
252
288
294
318
320
294
302
322
316
324
316
304
328
326
320
328
310
312
300
294
260
268
248
218
224
248
248
232
224
244
256
258
266
234
232
262
284
266
218
232
252
268
228
236
270
260
320
286
284
300
276
296
296
294
300
328
320
312
296
276
274
290
286
280
278
278
264
284
278
276
284
306
280
292
272
244
248
198
190
198
182
188
200
208
210
244
226
210
204
226
224
212
204
212
214
170
154
176
172
188
190
182
194
172
202
164
166
154
136
150
166
182
164
146
136
152
136
122
90
94
78
56
78
84
94
88
106
94
112
126
134
124
124
184
194
254
240
260
256
286
286
278
294
264
266
274
274
266
272
308
300
326
316
324
326
324
324
316
334
330
324
316
292
292
292
270
290
310
288
286
310
294
316
298
290
300
286
302
294
314
294
296
304
312
310
316
256
254
260
270
288
290
318
274
306
296
304
332
336
334
318
338
338
330
332
316
328
348
324
306
290
306
276
314
300
300
296
274
258
314
296
312
306
304
312
302
318
304
292
270
294
300
316
318
298
280
288
272
280
288
272
246
228
222
226
216
258
262
248
262
270
238
278
272
260
268
256
306
326
314
298
274
274
312
304
294
298
266
258
220
212
222
170
192
192
194
154
164
200
200
182
180
142
172
188
188
184
158
160
138
112
144
166
176
192
190
168
188
182
172
194
204
198
176
176
196
212
196
226
236
230
222
188
178
140
136
138
132
98
102
60
86
118
78
98
124
142
152
148
140
128
108
96
110
120
80
54
48
68
92
94
114
110
142
160
126
156
156
154
154
152
180
174
138
134
114
140
140
130
192
174
162
166
148
186
160
172
194
176
196
178
200
204
180
184
176
184
178
174
182
190
210
216
206
172
194
192
196
208
222
200
200
196
210
206
224
210
210
200
228
236
226
228
190
182
172
154
146
140
106
124
150
136
118
94
126
106
62
70
78
122
146
140
124
142
162
156
160
154
142
182
218
206
190
214
204
222
190
162
166
186
212
190
228
224
206
216
216
222
208
188
178
212
212
186
190
172
190
194
222
210
206
202
212
186
200
188
146
130
122
132
132
120
108
82
72
38
-4
14
32
6
-22
-32
-46
-64
-38
-28
-60
-76
-66
-56
-54
-40
-40
-26
-32
-52
-48
-34
-60
-6
28
38
40
46
50
46
66
42
58
64
64
50
80
34
70
106
126
144
174
210
200
214
216
218
224
232
242
250
250
252
268
278
278
246
256
268
264
266
234
210
212
200
246
256
258
272
252
260
258
274
276
298
316
310
284
258
284
258
244
256
262
248
244
256
278
276
298
312
294
256
208
212
268
286
294
292
284
296
272
254
276
286
294
288
294
282
318
300
284
276
222
210
260
268
250
234
216
200
198
208
218
226
230
246
206
178
118
112
152
180
194
192
186
192
186
182
212
232
262
264
264
280
302
314
298
298
276
272
272
272
238
240
244
264
254
210
186
220
222
244
232
226
212
188
186
212
222
204
198
170
160
142
140
138
158
164
162
156
122
146
168
140
152
166
154
134
146
136
106
72
56
78
60
62
66
76
68
74
46
50
70
60
68
90
80
92
86
52
78
90
66
60
54
32
24
20
104
112
108
98
98
92
88
120
126
122
126
122
104
100
114
102
118
146
134
158
128
134
130
142
108
120
114
98
98
108
128
142
166
172
178
174
136
164
118
116
136
112
154
146
142
156
168
218
204
196
188
230
228
202
196
176
182
206
244
238
252
250
240
232
246
234
190
158
158
140
128
126
90
92
86
70
82
90
122
110
122
126
146
132
110
138
154
208
218
232
220
214
228
238
276
286
258
246
258
248
246
244
224
208
180
162
162
160
158
140
150
156
114
100
98
88
62
80
62
96
94
122
126
94
118
132
114
124
140
192
160
158
116
114
128
154
166
168
164
184
160
162
160
194
216
216
196
170
196
208
208
228
202
240
246
236
242
240
212
208
212
204
164
120
88
48
36
0
8
20
40
2
0
20
36
48
50
26
48
74
94
24
50
68
64
30
76
54
26
18
72
94
38
76
68
54
82
56
84
48
16
26
16
26
34
28
20
20
32
44
64
84
60
24
20
-2
-8
16
14
6
16
28
64
8
2
32
42
74
70
94
74
76
88
92
82
72
44
0
-10
-10
-48
-50
-70
-32
12
-8
-42
-72
-36
-6
12
34
48
20
32
16
-4
-36
-34
-36
-12
20
22
-24
-28
-28
-50
-50
-36
-58
-48
-42
-74
-54
-20
-12
-16
-20
-62
-94
-98
-118
-112
-112
-100
-74
-16
-22
-8
-42
-38
-64
-78
-64
-80
-98
-140
-128
-128
-138
-152
-184
-198
-158
-178
-180
-188
-190
-204
-196
-262
-272
-254
-270
-260
-280
-270
-274
-274
-250
-242
-268
-262
-288
-280
-278
-308
-320
-336
-322
-334
-306
-308
-310
-298
-292
-240
-228
-250
-254
-280
-284
-262
-280
-232
-258
-204
-222
-194
-192
-188
-188
-166
-142
-118
-74
-116
-136
-100
-84
-52
-50
-90
-76
-100
-108
-128
-106
-92
-114
-108
-74
-90
-80
-86
-90
-104
-68
-90
-80
-52
-10
2
32
22
-18
-32
-62
-106
-88
-64
-20
-4
-18
-88
-42
-60
-62
-40
-48
-46
-26
-8
-28
-30
-4
-42
-56
-60
-26
-14
30
58
62
76
82
92
72
74
76
100
114
152
190
194
170
170
160
182
182
176
182
202
194
198
238
220
226
252
266
242
222
222
206
244
240
244
280
240
250
258
208
200
212
240
238
262
260
254
256
254
256
258
266
292
266
276
264
254
268
274
254
212
234
266
286
280
294
268
284
250
264
250
246
244
242
228
212
182
194
180
160
174
196
162
176
156
152
168
164
160
170
144
162
128
132
130
106
104
102
82
92
128
92
102
124
112
118
110
110
120
114
88
104
138
158
158
124
104
88
82
72
62
100
108
132
122
92
98
86
106
82
100
124
156
152
144
118
84
74
80
94
100
104
106
152
152
128
120
126
126
138
126
158
184
152
168
182
178
172
206
210
220
230
232
236
236
218
198
178
198
180
160
106
96
72
76
60
32
12
6
-10
6
6
-28
-24
-2
40
20
6
-14
28
34
8
4
2
-20
-28
-8
-6
-14
4
-6
-20
-30
-6
-18
-4
6
-6
-10
0
8
-4
-10
-6
0
32
24
22
-6
-16
-18
-26
-50
-80
-80
-54
-78
-78
-52
-62
-108
-94
-86
-86
-124
-124
-152
-174
-176
-198
-206
-222
-214
-192
-198
-202
-200
-212
-178
-216
-206
-208
-216
-216
-240
-232
-244
-266
-270
-274
-280
-282
-254
-276
-240
-258
-244
-254
-252
-248
-258
-244
-258
-280
-296
-282
-290
-258
-246
-210
-248
-246
-240
-194
-204
-188
-152
-124
-116
-100
-72
-72
-104
-102
-110
-136
-148
-148
-132
-156
-152
-160
-136
-136
-150
-148
-136
-176
-162
-174
-184
-172
-196
-216
-222
-226
-210
-190
-198
-174
-154
-166
-178
-184
-158
-126
-138
-128
-150
-166
-174
-174
-176
-146
-144
-146
-148
-110
-98
-106
-124
-146
-116
-120
-128
-94
-102
-118
-128
-80
-74
-46
-36
-38
-32
-8
0
18
24
2
-2
-20
-42
-60
-62
-70
-38
-34
-36
-8
-44
-76
-84
-92
-72
-46
-42
-42
-58
-40
-28
-18
8
22
44
54
34
16
18
-18
-30
-4
-2
24
44
72
30
-16
-26
-36
-12
-42
-60
-22
-22
-42
-16
-18
-52
-68
-78
-86
-90
-68
-84
-58
-66
-50
-74
-120
-112
-128
-142
-130
-124
-100
-66
-84
-98
-142
-170
-144
-128
-106
-96
-96
-80
-104
-124
-174
-176
-176
-176
-172
-168
-144
-138
-116
-84
-78
-68
-68
-40
-94
-92
-110
-100
-156
-168
-154
-156
-184
-210
-180
-184
-176
-186
-188
-226
-218
-218
-236
-242
-240
-236
-260
-260
-238
-228
-184
-172
-160
-138
-162
-172
-178
-174
-194
-168
-190
-150
-138
-132
-116
-140
-116
-118
-118
-134
-156
-134
-174
-192
-164
-172
-166
-156
-132
-154
-140
-132
-124
-138
-162
-162
-194
-196
-180
-156
-142
-144
-156
-170
-186
-208
-236
-230
-214
-196
-172
-126
-166
-146
-124
-106
-148
-150
-128
-122
-100
-92
-106
-84
-124
-142
-120
-94
-104
-124
-110
-86
-76
-66
-44
-42
-46
-50
-66
-72
-90
-74
-90
-114
-160
-162
-180
-208
-208
-206
-232
-214
-240
-266
-278
-298
-282
-274
-276
-298
-294
-282
-298
-322
-338
-330
-312
-310
-308
-272
-278
-252
-262
-278
-268
-266
-254
-246
-248
-214
-206
-230
-246
-238
-224
-252
-262
-258
-258
-272
-280
-300
-280
-256
-248
-262
-270
-288
-304
-288
-312
-304
-322
-314
-328
-316
-328
-308
-316
-302
-308
-306
-324
-304
-262
-244
-286
-264
-238
-248
-266
-250
-270
-248
-234
-258
-230
-188
-192
-166
-184
-190
-208
-174
-146
-172
-196
-196
-218
-206
-204
-218
-248
-246
-264
-242
-196
-210
-218
-202
-186
-176
-178
-156
-148
-130
-136
-152
-146
-124
-146
-114
-156
-148
-108
-96
-92
-128
-108
-66
-48
-60
-64
-42
-42
-18
20
30
44
36
32
70
116
144
126
162
224
238
228
210
210
234
238
234
254
220
232
238
228
214
212
200
180
166
112
90
78
92
130
112
102
120
118
156
126
134
158
164
176
174
194
178
198
206
202
192
180
208
210
206
194
162
186
178
194
194
218
232
284
290
290
306
282
278
252
246
230
262
270
256
248
250
258
256
246
258
236
236
224
236
224
212
184
148
170
158
156
138
152
156
166
148
148
150
150
138
152
168
182
178
204
200
192
156
160
134
122
136
148
116
122
126
88
62
62
40
52
20
16
-10
-42
-58
-80
-74
-104
-130
-136
-148
-186
-208
-256
-244
-260
-280
-280
-264
-252
-260
-280
-288
-302
-298
-300
-308
-328
-318
-302
-292
-282
-270
-270
-282
-262
-252
-232
-250
-290
-250
-252
-224
-214
-218
-224
-228
-228
-266
-270
-274
-296
-292
-294
-288
-280
-238
-254
-254
-252
-284
-292
-308
-314
-274
-254
-246
-240
-232
-224
-222
-212
-224
-220
-266
-272
-262
-246
-242
-242
-228
-240
-226
-248
-254
-254
-212
-208
-232
-180
-170
-174
-162
-108
-92
-94
-84
-96
-66
-76
-66
-66
-96
-84
-112
-158
-162
-164
-208
-248
-254
-264
-242
-228
-236
-220
-254
-186
-162
-164
-192
-194
-168
-206
-184
-202
-228
-242
-216
-216
-214
-232
-192
-188
-196
-234
-222
-252
-262
-288
-278
-270
-244
-270
-280
-280
-266
-280
-264
-272
-260
-264
-252
-268
-270
-264
-266
-290
-252
-252
-252
-228
-200
-188
-204
-194
-212
-232
-210
-198
-200
-200
-214
-238
-224
-210
-178
-186
-216
-264
-230
-178
-202
-208
-188
-176
-186
-164
-174
-192
-216
-202
-194
-212
-194
-208
-222
-236
-216
-216
-218
-216
-200
-170
-192
-174
-186
-190
-234
-216
-214
-224
-252
-276
-276
-294
-274
-274
-248
-246
-228
-226
-234
-224
-244
-264
-242
-256
-268
-244
-236
-250
-208
-170
-148
-104
-102
-140
-166
-178
-178
-148
-148
-112
-96
-58
-44
-82
-54
-54
-54
-40
-48
-56
-64
-54
-72
-50
-44
-54
-68
-70
-46
-56
-92
-110
-150
-118
-108
-112
-124
-144
-150
-158
-140
-162
-160
-182
-202
-216
-206
-150
-190
-222
-218
-186
-206
-190
-246
-248
-282
-266
-264
-260
-272
-268
-274
-264
-268
-278
-270
-252
-254
-230
-236
-248
-246
-256
-304
-312
-306
-298
-300
-310
-304
-302
-300
-330
-334
-310
-310
-288
-268
-230
-254
-242
-238
-244
-250
-274
-264
-226
-224
-180
-146
-148
-138
-134
-100
-106
-82
-86
-84
-80
-74
-90
-94
-66
-40
-24
-12
-38
40
36
24
0
0
-14
-18
-36
-30
-64
-66
-32
-34
-26
2
10
26
12
-20
-28
-22
-38
-54
-50
-42
-26
-44
-24
-74
-38
14
12
30
50
80
92
36
34
60
94
80
112
106
84
54
58
32
54
86
98
108
82
94
80
78
84
80
74
118
130
114
114
104
96
82
52
56
74
74
62
76
88
62
82
42
48
112
120
108
134
146
176
220
220
176
208
196
186
208
218
216
254
290
264
258
224
174
212
274
246
234
224
204
214
216
200
170
174
194
238
236
218
198
216
188
206
206
220
250
230
210
196
206
234
242
236
204
166
168
144
130
98
112
102
116
144
128
166
158
166
150
136
148
156
142
136
118
142
144
166
164
156
188
184
218
238
246
230
200
168
196
136
128
144
166
170
148
140
128
96
78
84
68
60
38
44
28
10
-24
-4
22
8
20
54
58
90
52
72
78
76
98
128
154
176
146
138
132
150
194
214
208
210
200
216
224
232
258
254
258
254
252
238
248
240
220
206
200
192
204
210
204
214
204
216
218
218
208
212
220
206
174
220
208
238
246
228
242
260
288
284
282
296
318
302
304
328
320
326
282
296
316
328
340
312
310
314
320
302
288
288
296
294
284
276
292
288
270
244
244
212
204
170
110
102
164
184
156
126
176
200
202
210
212
204
216
240
214
224
236
262
260
246
238
222
232
216
186
164
170
142
162
194
154
136
128
134
170
134
112
114
154
158
132
160
172
158
198
176
182
212
206
196
202
214
262
248
218
218
206
172
176
206
224
228
260
264
256
244
284
280
276
238
220
236
256
238
256
278
264
316
324
318
310
312
332
332
350
352
338
346
350
356
312
300
284
272
254
244
234
240
244
256
228
236
238
202
198
230
228
202
190
194
220
198
180
206
194
200
182
182
158
140
172
146
134
152
164
170
150
130
108
114
106
68
100
92
98
90
126
100
46
52
78
104
108
136
138
112
112
138
94
104
118
92
94
92
74
96
108
90
94
72
118
78
90
84
82
48
0
4
-16
-36
-34
-14
-38
-68
-36
-32
-56
-90
-82
-94
-102
-94
-74
-104
-122
-140
-130
-148
-104
-126
-120
-114
-110
-98
-70
-58
-50
-2
-12
-4
14
-2
-22
-38
-4
-24
-46
-26
-20
-16
-40
-42
-48
-24
-28
-26
-20
-30
-56
-68
-72
-66
-54
-24
-8
-38
-54
-68
-94
-100
-92
-124
-118
-126
-124
-142
-130
-84
-78
-88
-84
-66
-44
-16
-40
-28
-30
-2
14
28
6
-22
-52
-74
-82
-96
-98
-134
-100
-56
-46
-92
-84
-112
-62
-6
-2
2
-22
-46
-42
-52
-54
-42
-50
-46
-72
-72
-70
0
24
28
42
36
40
40
44
98
96
74
90
108
144
150
148
144
150
142
128
136
132
144
154
186
220
260
256
236
244
262
276
284
294
284
272
250
208
222
242
234
266
236
284
306
328
336
320
326
310
304
282
268
276
310
298
286
276
306
302
318
324
336
354
320
312
316
298
282
262
260
274
260
252
266
270
284
242
244
212
216
236
180
188
208
212
190
206
188
196
232
242
242
268
298
302
320
332
314
282
276
278
282
292
300
292
292
284
260
230
218
218
224
228
236
218
212
206
214
202
200
198
212
176
174
174
148
158
184
198
200
218
248
224
190
174
160
118
154
170
156
158
162
158
164
152
172
208
178
180
158
164
180
192
190
180
202
220
232
262
290
224
248
274
258
268
284
292
276
236
234
230
238
258
228
250
276
274
288
280
284
292
294
316
322
302
294
280
296
290
264
286
250
244
252
254
284
292
278
276
246
268
262
268
250
264
232
196
192
176
150
122
142
158
160
154
114
84
52
60
80
50
24
-4
-28
-26
-24
-36
-22
-16
-38
-42
-40
-26
10
20
38
16
-4
16
0
-10
-72
-76
-106
-76
-84
-80
-74
-70
-90
-94
-118
-102
-58
-94
-80
-92
-62
-40
-18
-6
-14
-4
-42
-24
-70
-102
-126
-120
-116
-128
-134
-126
-102
-108
-94
-84
-68
-106
-86
-90
-94
-80
-80
-90
-106
-92
-60
-50
-70
-56
-76
-62
-90
-52
-48
-68
-68
-48
-48
-16
0
44
82
76
72
48
42
18
14
-2
-8
-14
-16
-32
-6
-14
-44
-44
-54
-50
-56
-2
-2
-40
-38
-60
-60
-78
-72
-60
-54
-60
-86
-126
-152
-162
-174
-176
-182
-180
-154
-156
-174
-192
-210
-176
-154
-164
-188
-208
-224
-224
-230
-218
-238
-230
-194
-184
-120
-134
-150
-174
-196
-200
-214
-206
-242
-240
-218
-214
-190
-170
-206
-178
-196
-194
-168
-158
-108
-80
-76
-94
-142
-146
-150
-148
-144
-142
-162
-118
-94
-98
-124
-94
-114
-164
-142
-164
-162
-196
-170
-168
-204
-184
-198
-210
-224
-254
-238
-238
-234
-250
-246
-226
-190
-168
-174
-180
-166
-170
-162
-154
-120
-190
-192
-210
-204
-206
-206
-206
-220
-208
-206
-220
-226
-242
-216
-226
-172
-192
-238
-264
-278
-268
-242
-256
-290
-292
-316
-294
-280
-266
-266
-270
-250
-278
-290
-282
-278
-264
-262
-260
-242
-266
-270
-276
-256
-240
-228
-236
-240
-250
-262
-248
-214
-198
-166
-148
-160
-168
-192
-178
-206
-204
-236
-224
-240
-240
-242
-222
-232
-218
-180
-178
-168
-160
-166
-146
-142
-126
-112
-104
-160
-128
-100
-88
-62
-46
-42
-36
-42
-52
-60
-54
-40
16
20
48
56
42
38
26
12
-10
-34
-22
8
12
46
54
46
48
38
42
52
26
48
48
14
20
12
26
34
32
46
38
34
50
28
12
54
72
46
22
12
54
76
94
84
124
116
120
112
150
128
166
156
120
98
118
118
88
68
72
70
72
60
56
54
84
136
156
170
134
164
170
170
192
212
200
240
242
254
230
234
218
250
256
240
242
210
224
216
230
202
220
236
282
290
332
308
310
330
318
294
280
290
312
308
286
228
220
186
216
236
206
150
136
116
154
102
56
40
34
64
40
54
24
56
52
56
26
28
40
18
34
48
12
18
-28
6
34
-20
-24
-2
0
-10
-8
-10
-18
-60
-44
-46
-50
-28
-18
-14
-22
-28
-10
-22
-34
-12
10
8
-8
-24
-22
8
2
0
-4
-14
-22
-8
-18
-14
-36
-72
-62
-50
-56
-56
-48
-58
-48
-58
-8
4
2
32
20
16
-4
16
42
-14
-28
-50
-64
-42
-56
-98
-88
-76
-86
-90
-100
-116
-110
-100
-90
-74
-56
-64
-70
-80
-88
-98
-98
-102
-132
-114
-132
-152
-160
-170
-180
-190
-210
-198
-180
-194
-210
-214
-188
-204
-194
-218
-192
-218
-248
-262
-254
-234
-254
-294
-266
-274
-282
-264
-296
-288
-290
-286
-298
-304
-296
-300
-308
-288
-276
-312
-292
-320
-318
-334
-340
-340
-340
-320
-336
-350
-360
-370
-350
-334
-338
-324
-300
-314
-324
-322
-334
-336
-308
-276
-286
-280
-296
-308
-286
-306
-304
-316
-338
-332
-300
-294
-318
-310
-264
-268
-296
-288
-290
-294
-296
-276
-290
-284
-264
-254
-290
-270
-306
-292
-260
-256
-242
-262
-246
-234
-242
-254
-250
-236
-218
-212
-234
-264
-290
-272
-282
-306
-318
-322
-312
-318
-320
-334
-324
-298
-290
-284
-296
-294
-286
-318
-316
-290
-310
-314
-310
-286
-292
-278
-284
-280
-260
-268
-284
-282
-284
-294
-290
-298
-268
-268
-234
-286
-274
-282
-290
-286
-308
-312
-296
-306
-308
-304
-304
-294
-314
-328
-314
-290
-312
-326
-312
-328
-308
-304
-288
-288
-306
-276
-260
-242
-258
-220
-228
-230
-222
-190
-216
-226
-238
-226
-216
-226
-246
-254
-246
-248
-212
-224
-230
-262
-270
-276
-272
-290
-276
-248
-234
-230
-230
-220
-208
-226
-230
-240
-248
-254
-242
-240
-254
-234
-222
-204
-202
-216
-204
-210
-204
-214
-234
-244
-214
-206
-202
-252
-276
-306
-302
-310
-316
-314
-320
-312
-322
-312
-308
-310
-314
-272
-260
-278
-286
-270
-280
-296
-308
-290
-274
-250
-244
-246
-262
-254
-222
-198
-182
-160
-168
-164
-172
-150
-132
-122
-106
-108
-90
-80
-56
-66
-72
-104
-130
-144
-178
-170
-164
-180
-152
-148
-192
-174
-156
-180
-190
-194
-160
-118
-78
-100
-104
-124
-110
-104
-84
-60
-38
-28
6
14
4
4
-22
0
-20
-22
2
-20
-24
-52
-30
-42
10
22
42
12
14
20
-2
-6
22
42
52
40
36
14
-14
-60
-68
-72
-42
-12
-6
-32
-26
4
22
28
46
20
36
78
108
142
144
108
128
144
138
148
182
158
148
164
172
192
194
208
206
180
170
204
220
218
226
240
252
222
186
164
170
182
162
160
190
170
178
172
174
144
142
184
192
222
216
196
198
142
118
154
142
172
172
156
158
140
170
182
184
216
192
202
220
204
208
218
206
214
250
258
240
216
250
246
228
252
216
214
170
188
184
180
132
172
172
168
154
170
198
196
200
228
184
226
244
220
170
162
148
166
158
156
214
208
214
202
200
178
214
190
174
174
128
144
120
110
118
124
104
120
130
78
58
36
54
62
60
66
76
80
64
60
56
86
110
68
90
108
106
72
54
30
56
80
44
32
26
36
44
10
6
26
18
-12
-2
-8
-2
-28
12
-28
4
44
38
44
52
38
38
68
54
62
58
48
66
46
38
64
28
32
42
72
28
22
30
14
-10
6
-6
36
68
96
102
106
102
72
28
34
28
34
36
18
62
48
56
34
60
12
6
-4
-4
-14
6
-36
-32
-18
-28
-28
-44
-24
-40
-32
-44
-32
-24
-22
-24
-24
0
-4
-16
-46
-44
-18
0
28
20
-16
-12
-8
-22
4
38
84
116
100
92
124
88
96
100
62
72
70
108
152
158
172
144
144
130
136
130
124
114
110
114
126
120
114
98
90
52
34
84
96
124
134
154
176
194
162
146
96
96
72
80
66
56
34
26
-4
-38
-44
-54
-6
-10
-38
-82
-66
-94
-60
-54
-56
-62
-52
-48
-20
-34
-46
-52
-60
-82
-76
-82
-64
-100
-96
-126
-112
-108
-110
-106
-90
-60
-96
-88
-106
-122
-86
-86
-52
-52
-50
-8
46
60
32
24
22
52
86
88
36
-20
-24
-18
-28
-94
-58
-56
-72
-74
-76
-84
-84
-86
-92
-68
-50
-20
-4
-16
44
20
32
34
40
34
48
30
34
56
40
-4
-18
24
32
34
42
50
54
64
60
70
110
120
110
84
70
82
78
76
60
68
72
82
58
30
68
108
116
102
146
146
132
120
130
122
158
164
148
154
162
132
114
84
116
104
138
144
154
164
154
112
82
68
96
94
84
86
64
60
36
26
22
14
48
20
44
54
80
74
84
84
100
90
66
68
58
74
82
80
90
110
86
80
80
88
72
44
18
18
2
22
66
46
84
60
84
74
72
118
166
192
166
174
192
178
190
176
182
210
198
202
234
258
296
276
264
270
292
294
270
286
286
284
298
294
286
292
270
274
280
294
290
294
272
246
256
262
244
226
224
230
254
274
284
282
298
236
246
222
222
220
196
218
208
176
178
170
182
172
188
220
228
214
232
212
236
264
270
270
266
248
218
186
164
160
154
172
152
180
184
174
190
168
156
144
138
138
154
184
182
154
176
156
150
132
144
110
108
124
108
106
120
126
88
104
112
154
186
178
220
226
218
216
212
204
202
190
202
182
164
198
158
172
204
204
214
186
206
174
204
190
178
158
136
160
152
128
156
160
188
180
212
228
192
188
156
202
194
206
202
166
164
172
178
150
170
178
176
178
174
218
220
184
180
204
208
212
192
180
200
208
208
218
236
222
216
224
214
214
200
186
208
194
198
210
196
152
154
142
150
120
128
148
170
188
188
194
256
246
278
282
244
244
216
226
250
262
220
228
232
248
244
250
276
246
250
260
242
260
254
270
316
330
326
334
316
322
274
294
296
282
304
270
308
318
344
328
328
290
308
290
282
246
238
236
222
216
224
242
266
266
270
294
316
288
304
306
286
304
314
316
306
294
312
300
324
310
328
332
330
288
312
314
316
296
276
266
300
270
262
268
248
264
256
230
268
252
236
246
254
232
248
224
204
208
250
284
270
254
250
240
248
258
244
236
244
266
252
252
286
298
264
260
260
282
306
292
296
284
312
310
314
304
276
254
254
256
266
254
296
288
320
320
344
360
352
322
318
320
294
306
282
276
270
260
262
234
198
194
186
170
192
206
220
218
226
236
228
256
254
250
238
218
232
222
244
254
284
276
296
302
290
286
322
304
282
258
266
278
282
258
298
276
286
284
276
260
212
218
194
210
202
270
266
276
284
320
310
316
292
308
336
330
326
334
334
346
326
324
346
348
338
334
356
312
284
278
288
280
288
278
274
266
266
264
250
252
258
270
312
324
326
294
304
290
282
270
270
280
274
260
302
308
294
304
276
270
270
252
254
278
268
302
290
314
328
350
330
322
310
320
328
324
328
322
264
278
304
284
290
310
300
254
290
270
286
318
330
324
302
298
266
258
282
294
312
314
310
320
298
318
344
350
372
358
340
324
310
314
290
302
286
286
282
314
314
298
276
302
310
290
288
278
282
272
278
272
296
310
304
294
314
320
306
300
310
308
286
282
276
274
252
236
234
202
206
186
178
160
116
66
76
120
128
126
150
150
130
124
100
72
116
106
74
62
30
20
68
124
154
176
192
184
220
226
248
260
248
236
236
252
260
276
296
276
248
224
228
224
232
228
222
214
198
170
214
224
206
224
192
190
220
202
218
218
224
222
210
174
192
200
172
162
178
168
162
180
186
226
246
222
212
204
190
220
222
226
222
214
222
228
240
194
160
186
180
184
150
138
104
122
132
146
134
142
180
204
214
214
206
218
234
206
224
248
232
278
264
276
284
318
310
290
274
266
254
292
278
290
250
222
190
234
208
214
258
220
232
242
216
246
260
258
234
226
220
234
248
254
248
238
262
280
278
282
276
276
268
238
252
222
244
254
276
302
262
248
250
236
246
250
238
242
234
190
218
212
244
238
224
196
186
176
180
160
140
116
100
102
102
110
122
106
76
96
108
72
60
66
52
70
80
90
82
70
88
102
118
152
142
132
148
138
132
118
106
80
112
150
172
176
172
202
178
160
190
232
252
272
258
298
252
262
274
298
308
306
316
328
306
292
296
264
236
222
214
246
228
256
258
274
256
260
238
220
222
208
236
218
234
208
238
236
214
252
278
274
260
264
276
252
252
282
258
266
236
250
252
244
250
278
242
254
212
214
226
238
230
218
230
226
214
238
210
164
158
168
158
186
186
182
220
202
200
190
164
150
182
182
144
162
146
174
196
188
192
174
204
208
224
194
228
230
218
216
218
230
256
246
242
252
242
234
180
170
156
194
190
222
210
214
194
192
232
266
280
276
288
300
284
302
300
310
314
286
298
294
284
282
256
284
280
308
320
296
330
320
340
342
348
340
328
316
318
338
334
316
304
278
288
286
292
296
292
282
254
248
264
282
280
272
302
304
306
296
292
264
242
194
182
164
186
174
194
184
172
158
138
140
126
110
118
106
100
96
86
124
120
128
124
126
132
124
146
162
142
122
86
102
60
102
102
96
98
74
44
28
32
64
68
92
50
52
48
60
68
60
60
54
76
58
74
112
126
104
116
142
102
98
90
80
92
100
80
78
128
132
172
202
222
226
238
258
246
224
232
180
168
178
152
120
116
110
102
82
100
94
74
60
46
48
40
36
6
-12
-4
-56
-42
-54
-80
-78
-96
-124
-108
-108
-146
-170
-162
-176
-162
-132
-180
-160
-146
-156
-132
-152
-190
-196
-192
-178
-194
-178
-150
-170
-170
-184
-216
-230
-230
-242
-244
-262
-270
-238
-230
-246
-200
-220
-236
-260
-228
-200
-194
-178
-200
-220
-190
-168
-180
-174
-180
-224
-216
-212
-230
-220
-238
-256
-290
-282
-296
-312
-316
-324
-328
-324
-298
-266
-274
-286
-298
-282
-270
-300
-320
-306
-316
-308
-300
-278
-268
-302
-296
-286
-288
-270
-270
-266
-286
-274
-268
-262
-236
-258
-280
-302
-330
-326
-336
-322
-288
-306
-326
-320
-296
-310
-326
-310
-320
-286
-280
-294
-310
-320
-328
-346
-328
-342
-332
-324
-340
-336
-322
-312
-312
-336
-342
-332
-326
-314
-314
-304
-298
-296
-308
-290
-300
-308
-306
-328
-292
-270
-296
-324
-296
-298
-294
-284
-278
-278
-308
-328
-294
-304
-288
-258
-230
-260
-242
-254
-250
-226
-226
-222
-200
-186
-194
-214
-234
-242
-198
-210
-216
-202
-206
-178
-170
-192
-172
-142
-136
-126
-138
-136
-170
-152
-160
-194
-172
-180
-192
-206
-196
-192
-194
-198
-160
-122
-90
-72
-72
-84
-90
-134
-134
-134
-134
-152
-144
-108
-86
-106
-106
-110
-90
-48
-38
-50
-32
-56
-10
12
24
14
8
14
36
82
90
76
88
64
66
102
72
50
72
56
78
80
88
108
104
102
92
108
92
108
82
84
116
134
132
102
110
118
92
52
58
54
62
86
80
36
24
-12
-58
-64
-74
-86
-128
-110
-124
-100
-78
-88
-74
-48
-32
-96
-74
-52
-46
-26
-54
-46
-84
-82
-82
-96
-100
-90
-88
-88
-120
-84
-108
-96
-128
-134
-144
-104
-112
-154
-152
-114
-108
-94
-84
-90
-114
-118
-52
-58
-30
-24
-14
-2
-20
6
20
36
18
-8
-10
8
30
34
8
14
32
48
56
42
22
52
62
46
62
44
30
28
10
-6
-32
-38
-10
24
30
28
26
46
12
-24
-8
2
24
26
40
16
66
56
36
38
68
98
118
134
112
114
92
132
112
104
82
88
76
56
42
36
82
96
118
104
104
166
150
172
180
206
208
206
154
142
150
160
152
144
140
182
182
198
214
216
190
198
188
180
184
212
202
184
224
218
208
192
198
200
190
178
200
178
186
216
246
210
238
270
276
296
282
254
238
212
202
184
160
174
170
166
146
148
152
152
120
124
128
140
158
166
138
158
114
104
112
96
82
56
38
54
76
114
120
122
108
96
84
106
102
82
86
108
102
88
68
50
56
26
32
36
26
48
64
86
70
54
66
44
44
28
16
12
10
-6
-6
6
8
62
16
2
0
-26
-42
-92
-84
-92
-116
-156
-162
-150
-174
-168
-178
-218
-240
-272
-254
-284
-280
-290
-290
-278
-286
-296
-294
-280
-284
-262
-280
-288
-334
-326
-334
-320
-314
-312
-310
-310
-300
-310
-336
-324
-314
-286
-290
-296
-312
-328
-306
-330
-346
-350
-336
-330
-324
-348
-298
-318
-330
-312
-294
-294
-298
-326
-286
-272
-264
-248
-242
-274
-268
-258
-264
-266
-270
-280
-264
-250
-226
-246
-270
-276
-252
-250
-250
-278
-252
-262
-286
-246
-268
-254
-270
-290
-264
-228
-220
-230
-240
-238
-246
-220
-224
-224
-242
-220
-222
-254
-260
-260
-276
-272
-272
-288
-318
-308
-320
-294
-270
-270
-294
-286
-294
-282
-252
-244
-228
-268
-204
-198
-216
-228
-214
-210
-200
-192
-210
-212
-210
-222
-238
-246
-240
-256
-234
-254
-294
-302
-298
-310
-300
-292
-252
-238
-234
-240
-268
-248
-236
-242
-236
-260
-276
-268
-264
-228
-242
-236
-222
-238
-252
-256
-258
-250
-280
-270
-262
-258
-274
-314
-306
-318
-318
-328
-314
-296
-294
-302
-300
-320
-316
-298
-292
-282
-302
-302
-264
-268
-252
-256
-272
-250
-238
-268
-278
-252
-258
-232
-256
-298
-290
-262
-282
-274
-280
-268
-270
-276
-290
-266
-296
-290
-310
-322
-320
-294
-282
-264
-266
-282
-298
-292
-286
-316
-322
-330
-286
-272
-264
-274
-254
-244
-248
-232
-212
-204
-168
-182
-172
-186
-208
-228
-226
-232
-240
-222
-226
-202
-192
-208
-182
-192
-208
-216
-232
-216
-198
-252
-256
-230
-232
-250
-248
-224
-238
-232
-250
-222
-214
-248
-236
-230
-210
-206
-216
-258
-244
-272
-310
-308
-270
-264
-266
-288
-296
-288
-296
-274
-290
-262
-282
-270
-282
-292
-266
-274
-256
-244
-276
-298
-274
-288
-282
-278
-276
-304
-312
-298
-326
-344
-322
-308
-292
-296
-266
-240
-238
-222
-218
-234
-196
-236
-220
-220
-210
-200
-252
-246
-224
-280
-280
-316
-296
-282
-278
-270
-250
-240
-220
-204
-200
-190
-220
-232
-220
-226
-236
-216
-198
-230
-242
-232
-206
-186
-158
-174
-198
-156
-176
-192
-198
-214
-238
-206
-190
-220
-222
-242
-284
-270
-290
-322
