8
2
54
36
34
16
4
4
28
36
36
58
52
68
66
86
68
66
24
8
16
24
34
48
36
36
44
36
52
68
50
52
30
-36
-48
-30
-46
-38
-32
20
4
10
26
34
16
-4
22
48
-2
38
52
50
58
94
100
64
134
96
110
104
104
90
102
126
136
142
146
120
142
168
182
168
192
212
196
184
216
238
198
162
160
166
154
192
184
194
188
166
196
228
234
242
244
230
206
224
252
240
220
224
228
226
232
224
256
276
280
308
304
320
312
310
318
326
300
252
268
270
244
266
280
276
270
280
246
264
268
256
262
268
272
282
274
262
250
276
252
260
266
252
278
276
278
268
280
282
252
262
268
236
242
262
246
216
238
264
228
246
242
244
270
248
246
240
256
240
284
236
218
242
282
286
288
296
282
282
296
286
290
274
254
268
256
252
236
262
264
260
224
226
204
188
178
150
172
168
156
158
158
168
152
154
150
136
156
172
162
142
134
116
98
104
48
76
82
86
90
86
108
112
96
92
106
86
90
36
52
86
48
72
64
38
60
72
82
98
104
120
90
64
64
82
40
54
54
82
80
78
88
126
112
88
86
110
98
84
78
82
70
84
68
34
56
56
48
70
70
78
38
86
64
88
96
130
118
136
134
142
118
104
114
106
102
90
76
66
108
118
112
100
54
34
28
18
6
32
32
30
0
-4
6
14
6
-10
-14
-16
-34
-18
-26
-12
-8
-18
-20
-32
-22
-14
-2
-2
8
-44
-46
-66
-80
-54
-62
-50
-42
-34
-66
-92
-104
-152
-174
-186
-206
-216
-230
-234
-208
-226
-214
-192
-194
-218
-198
-214
-194
-210
-204
-202
-250
-268
-270
-274
-250
-278
-252
-268
-264
-268
-242
-226
-246
-234
-242
-234
-228
-204
-204
-166
-180
-222
-208
-176
-162
-170
-198
-232
-234
-242
-250
-242
-226
-234
-218
-238
-250
-234
-232
-186
-198
-206
-220
-198
-170
-184
-186
-214
-218
-230
-256
-256
-264
-268
-300
-288
-318
-334
-314
-324
-310
-298
-284
-306
-282
-286
-304
-304
-296
-288
-302
-334
-306
-284
-266
-258
-256
-258
-276
-280
-292
-316
-300
-294
-310
-286
-278
-324
-298
-264
-262
-298
-278
-276
-288
-300
-322
-318
-310
-300
-316
-324
-366
-344
-354
-356
-318
-328
-324
-332
-344
-346
-338
-322
-318
-340
-340
-338
-346
-356
-320
-310
-322
-316
-318
-324
-318
-316
-308
-270
-280
-274
-270
-238
-224
-260
-282
-290
-272
-254
-280
-282
-294
-282
-254
-272
-278
-286
-228
-226
-248
-232
-252
-272
-264
-298
-304
-306
-294
-274
-258
-256
-284
-254
-242
-248
-250
-238
-256
-258
-258
-252
-266
-276
-276
-288
-260
-242
-240
-224
-232
-240
-256
-286
-296
-302
-302
-314
-298
-318
-316
-312
-312
-310
-310
-300
-300
-298
-314
-318
-332
-356
-356
-362
-354
-338
-338
-328
-330
-320
-306
-286
-312
-330
-322
-322
-314
-332
-320
-320
-294
-306
-292
-306
-278
-238
-268
-266
-260
-268
-276
-280
-250
-228
-216
-242
-272
-254
-266
-248
-260
-282
-312
-330
-320
-306
-308
-294
-298
-266
-260
-236
-276
-268
-256
-260
-260
-274
-268
-322
-310
-292
-302
-290
-296
-290
-278
-288
-298
-288
-270
-282
-284
-280
-260
-250
-242
-234
-218
-256
-264
-276
-304
-300
-320
-330
-328
-308
-296
-298
-288
-276
-302
-300
-298
-316
-314
-326
-302
-314
-296
-284
-254
-250
-216
-238
-232
-206
-208
-216
-212
-222
-214
-254
-228
-266
-272
-274
-286
-288
-326
-318
-312
-320
-322
-304
-300
-300
-298
-298
-304
-320
-318
-304
-326
-324
-316
-266
-242
-244
-240
-216
-210
-180
-148
-190
-232
-214
-170
-196
-172
-178
-178
-176
-194
-218
-254
-226
-238
-244
-218
-214
-230
-302
-278
-280
-248
-222
-212
-204
-190
-198
-224
-236
-218
-178
-200
-192
-222
-212
-216
-222
-238
-224
-206
-234
-226
-206
-198
-214
-226
-228
-232
-224
-244
-228
-220
-222
-224
-216
-232
-236
-226
-212
-206
-202
-162
-160
-172
-170
-164
-180
-160
-206
-232
-204
-198
-182
-172
-176
-172
-154
-154
-156
-138
-168
-158
-168
-166
-176
-188
-202
-170
-130
-134
-154
-146
-142
-150
-106
-116
-108
-84
-94
-62
-86
-100
-108
-96
-44
-40
-12
-24
-56
-48
-76
-54
-24
-6
-36
-18
-10
-24
-44
-82
-98
-78
-80
-72
-72
-34
-34
-32
-30
-30
-20
-6
46
12
-2
-16
20
12
26
42
62
76
52
68
72
116
86
78
88
94
110
106
92
90
94
70
40
30
24
46
36
36
34
20
10
-2
-16
-38
-38
-72
-44
-38
-56
-76
-90
-94
-112
-132
-146
-156
-152
-152
-176
-168
-174
-168
-162
-152
-112
-110
-122
-112
-126
-140
-120
-132
-124
-150
-158
-196
-172
-168
-184
-208
-184
-170
-162
-158
-170
-176
-192
-200
-226
-228
-262
-246
-260
-290
-278
-260
-262
-274
-294
-284
-278
-268
-278
-276
-242
-272
-296
-314
-292
-248
-238
-230
-246
-230
-252
-250
-234
-212
-232
-254
-236
-222
-248
-228
-252
-220
-200
-210
-180
-180
-198
-188
-192
-156
-156
-182
-192
-214
-166
-166
-170
-156
-144
-146
-136
-122
-148
-112
-112
-108
-70
-100
-100
-102
-86
-96
-104
-114
-100
-90
-68
-74
-76
-66
-40
-24
-40
-42
-74
-54
-42
-24
-22
-28
-26
-38
-32
-32
-20
-52
-36
-14
-36
-30
-42
-70
-72
-70
-54
-78
-80
-72
-74
-72
-98
-78
-64
-74
-54
-64
-48
-62
-50
-14
-28
-42
-10
10
54
28
12
8
24
2
18
42
44
46
68
78
72
62
74
54
78
98
92
94
56
24
28
12
20
22
56
66
64
62
92
108
146
150
186
174
142
132
110
72
72
106
114
144
110
114
132
168
174
162
156
162
140
142
132
118
142
156
180
218
204
232
228
216
206
200
186
192
214
210
222
236
266
258
294
302
274
226
240
254
242
240
270
256
250
240
256
268
258
262
214
184
198
246
228
256
262
232
234
270
264
246
254
262
274
278
258
250
254
254
268
246
236
240
246
234
230
198
240
226
226
218
224
254
286
284
262
236
220
246
240
250
244
256
294
314
306
298
296
294
274
250
232
240
232
222
218
224
236
216
212
232
226
228
254
264
250
242
260
254
248
254
236
206
202
216
212
214
186
186
182
178
138
188
212
180
170
196
204
174
208
186
178
172
186
178
170
160
142
132
128
136
126
128
96
54
46
86
66
60
92
72
90
64
76
68
68
90
74
68
82
72
118
104
114
130
114
96
76
80
70
82
84
106
88
72
70
88
118
110
120
126
122
102
108
120
84
84
100
60
28
34
22
44
32
38
52
24
40
48
36
32
18
4
10
26
12
2
-48
-40
-36
-24
0
-4
20
18
16
-8
2
-4
-22
-32
-36
-22
-74
-92
-104
-122
-118
-100
-124
-92
-114
-120
-114
-88
-56
-76
-74
-38
-46
-10
-14
0
6
28
46
12
20
24
52
64
56
72
60
92
74
74
54
40
34
36
48
54
44
22
12
22
30
38
30
64
78
80
76
80
80
54
56
52
78
88
106
90
76
96
114
124
122
134
134
130
116
114
120
126
124
140
120
100
134
122
136
100
106
82
74
78
100
128
154
158
174
180
188
154
162
170
176
130
122
112
112
130
136
144
136
132
122
134
130
126
110
94
32
40
54
46
28
36
40
24
66
94
88
84
72
98
108
130
126
130
136
130
100
106
142
140
140
146
154
192
180
146
130
138
178
194
192
154
174
156
98
90
82
86
88
80
100
86
84
132
108
134
166
176
126
120
144
172
156
162
154
172
170
164
194
204
174
178
194
182
166
140
140
148
136
158
146
150
156
148
134
158
168
160
160
166
174
162
126
124
98
126
46
64
48
44
52
72
82
98
68
40
38
46
12
44
70
90
98
122
112
128
100
80
110
90
84
134
128
120
122
140
156
154
150
162
176
172
168
174
128
128
154
156
180
172
152
154
146
128
144
206
202
164
170
170
170
168
160
164
174
150
128
108
134
180
210
212
196
208
174
190
166
156
212
184
200
174
176
136
114
132
116
110
126
160
156
108
86
88
90
90
62
66
20
-10
40
48
72
84
64
70
44
44
14
16
42
58
92
156
140
164
212
204
158
186
158
190
202
230
242
232
230
260
266
266
278
288
320
302
312
318
308
320
312
320
304
312
300
290
288
312
322
328
320
328
302
298
298
324
302
316
308
296
272
276
266
248
284
278
272
258
284
272
278
282
256
236
198
208
186
176
148
170
160
150
130
164
172
166
182
176
142
158
124
102
140
158
148
118
146
174
238
238
202
204
182
160
192
192
192
204
202
198
174
166
136
144
124
120
110
104
112
140
158
166
210
230
234
198
214
222
228
196
192
172
214
220
248
250
254
240
274
262
254
234
258
284
286
300
266
270
270
296
258
246
258
246
244
234
242
232
244
292
288
244
260
222
234
250
238
244
272
276
248
260
286
310
286
286
294
266
280
244
256
240
206
254
218
202
232
248
234
232
240
282
250
234
228
226
248
230
236
206
170
192
186
184
156
168
144
106
86
78
88
88
96
140
134
134
106
102
140
152
170
148
146
138
144
148
148
158
156
190
168
156
146
136
144
150
180
118
134
158
144
134
196
196
210
176
166
124
158
164
142
188
182
156
128
126
152
118
130
102
130
102
118
106
124
112
148
156
192
224
234
238
238
226
216
254
248
238
246
240
238
252
226
208
238
232
264
278
258
262
262
240
230
250
272
282
252
218
202
202
180
178
178
158
144
140
168
152
184
142
144
144
134
122
130
146
154
152
146
134
140
110
142
138
146
186
174
182
212
208
212
242
272
290
314
292
302
336
322
306
280
272
286
278
286
282
312
324
326
334
344
326
290
258
252
266
272
272
272
272
254
232
250
232
190
182
186
196
232
232
242
212
196
208
188
212
194
212
180
178
184
210
236
220
232
224
258
252
272
260
230
232
206
198
174
184
186
224
210
242
258
252
240
228
226
236
240
244
226
226
236
228
196
200
208
180
178
154
160
146
132
148
144
156
148
146
150
146
78
46
68
64
56
84
98
98
94
100
124
146
162
172
148
158
160
174
172
152
118
144
110
158
142
130
84
58
70
62
82
78
64
64
36
32
-2
-22
-28
-34
-92
-106
-126
-144
-152
-148
-162
-144
-130
-110
-108
-138
-132
-128
-118
-80
-64
-100
-60
-72
-38
-48
-46
-38
-18
-48
-74
-92
-88
-104
-116
-162
-150
-156
-162
-144
-130
-174
-176
-202
-198
-162
-154
-138
-180
-186
-150
-186
-170
-168
-146
-120
-100
-82
-84
-86
-112
-76
-64
-74
-108
-104
-86
-72
-98
-80
-84
-64
-110
-78
-94
-82
-70
-66
-44
-28
-58
-80
-66
-52
-60
-92
-84
-90
-104
-104
-108
-120
-146
-132
-132
-160
-164
-132
-132
-198
-216
-204
-188
-186
-178
-166
-188
-188
-212
-204
-214
-172
-178
-162
-182
-164
-176
-202
-202
-184
-164
-170
-150
-126
-104
-102
-98
-68
-60
-92
-162
-124
-130
-132
-160
-176
-132
-150
-138
-122
-140
-106
-102
-60
-68
-78
-82
-70
-68
-42
-78
-72
-44
-74
-48
-12
-14
-4
-44
-78
-68
-66
-110
-88
-92
-120
-126
-160
-134
-126
-120
-120
-114
-132
-122
-110
-110
-110
-68
-80
-66
-26
-34
-86
-54
-60
-48
-20
-56
-38
-44
-18
-10
-16
-16
-32
-32
-70
-66
-88
-126
-70
-66
-90
-68
-32
-20
-22
-20
-14
6
-26
20
48
48
72
98
118
158
178
184
196
194
184
194
182
174
174
128
90
134
114
112
152
126
152
132
102
94
76
98
84
76
76
108
114
98
102
84
100
88
102
80
98
102
124
136
110
152
178
188
172
128
124
116
136
176
162
140
120
92
114
72
50
50
50
82
60
56
62
60
76
58
38
46
24
4
12
-58
-76
-72
-36
-10
10
24
14
-4
-26
-4
16
42
64
64
48
56
32
6
44
60
78
76
56
76
92
78
118
114
116
122
72
84
118
170
170
190
160
138
156
164
140
160
172
162
186
184
190
202
178
174
190
162
162
162
128
128
144
118
100
70
118
110
134
144
142
98
120
64
118
108
92
74
86
92
108
92
108
82
96
66
40
68
106
106
124
154
134
136
140
134
128
102
82
88
80
86
58
64
96
72
74
100
106
100
124
166
170
170
144
166
156
150
100
90
70
82
42
40
12
20
12
60
26
-20
-42
-38
-8
24
60
88
86
84
88
102
108
132
92
94
116
134
120
140
142
164
160
184
148
156
174
184
164
148
140
128
126
98
60
100
108
92
140
140
150
140
144
132
128
162
152
140
190
200
172
172
148
164
198
196
206
166
166
170
146
150
202
228
176
214
220
206
200
188
198
218
210
228
238
206
214
228
206
156
140
128
134
120
126
108
120
68
48
44
30
8
14
12
32
14
20
16
-8
2
-24
-26
-20
8
-2
-14
-48
-26
-20
-42
-26
-14
-20
-14
-6
-52
-68
-90
-88
-118
-132
-168
-198
-152
-142
-170
-172
-166
-168
-174
-130
-120
-88
-88
-72
-82
-102
-144
-162
-128
-138
-124
-116
-116
-122
-116
-88
-28
-48
-26
18
42
40
42
28
20
20
-8
12
38
8
6
18
8
-12
-24
-2
-10
8
6
-10
-22
-50
-26
-42
-24
-18
-14
-16
-18
-64
-26
-72
-92
-80
-114
-98
-106
-142
-144
-152
-170
-196
-174
-182
-176
-190
-202
-208
-244
-280
-288
-270
-270
-276
-272
-294
-312
-296
-302
-280
-276
-316
-306
-300
-294
-274
-248
-240
-226
-240
-228
-232
-230
-222
-216
-202
-202
-216
-196
-194
-208
-164
-192
-174
-156
-150
-156
-150
-160
-150
-144
-130
-156
-174
-178
-226
-202
-228
-186
-186
-176
-186
-152
-142
-120
-124
-114
-66
-108
-100
-102
-98
-94
-92
-150
-146
-166
-174
-170
-164
-138
-188
-194
-174
-224
-236
-226
-196
-200
-202
-202
-202
-210
-214
-184
-212
-194
-198
-200
-216
-222
-224
-228
-216
-206
-192
-214
-262
-274
-262
-250
-242
-252
-258
-254
-264
-258
-286
-266
-276
-248
-236
-228
-224
-234
-232
-220
-226
-230
-204
-220
-182
-188
-206
-174
-172
-170
-168
-156
-146
-142
-132
-136
-170
-194
-194
-208
-244
-234
-238
-184
-204
-200
-212
-184
-182
-156
-144
-150
-170
-186
-152
-166
-174
-174
-162
-138
-154
-130
-102
-112
-128
-136
-136
-142
-136
-142
-114
-128
-124
-90
-78
-90
-116
-98
-106
-106
-76
-46
-14
-10
-20
-22
-40
-24
14
70
46
90
152
208
200
158
182
186
174
182
162
172
170
186
172
186
200
202
172
180
176
138
208
252
296
270
288
264
250
240
252
254
286
320
304
306
304
320
316
286
282
302
310
318
320
302
312
306
318
288
294
270
264
232
238
248
242
230
234
228
248
254
254
256
278
304
320
300
326
328
344
334
338
324
288
254
248
258
250
276
290
306
308
298
292
250
280
304
316
304
308
322
336
324
346
336
328
338
318
278
268
236
252
244
258
268
276
274
278
314
320
318
334
296
278
274
260
266
282
280
298
330
344
362
318
292
310
320
278
284
260
270
252
260
286
276
248
236
244
210
202
198
146
170
156
132
116
92
104
92
108
82
106
108
126
148
144
98
98
98
96
82
68
76
58
48
44
56
68
66
62
48
78
70
72
80
84
28
42
48
62
24
40
34
48
36
42
18
8
-2
-12
20
8
50
64
54
56
68
64
48
20
46
10
-14
-36
-64
-48
-102
-80
-124
-112
-108
-90
-132
-110
-90
-136
-124
-120
-150
-140
-134
-178
-154
-152
-156
-156
-150
-118
-144
-144
-110
-128
-126
-148
-178
-162
-156
-136
-142
-118
-128
-118
-128
-140
-182
-200
-192
-206
-172
-156
-144
-160
-192
-238
-234
-232
-248
-272
-266
-262
-264
-274
-272
-282
-268
-258
-238
-194
-198
-202
-228
-228
-200
-196
-226
-210
-202
-218
-244
-216
-228
-194
-224
-228
-208
-228
-234
-230
-226
-198
-212
-218
-230
-240
-244
-246
-254
-230
-236
-236
-270
-282
-302
-288
-280
-282
-252
-270
-246
-266
-288
-306
-288
-274
-306
-320
-316
-316
-302
-296
-288
-284
-276
-256
-244
-268
-292
-328
-348
-338
-342
-356
-334
-308
-310
-296
-300
-282
-264
-262
-278
-298
-296
-292
-274
-260
-252
-244
-252
-248
-254
-274
-246
-244
-258
-266
-258
-242
-222
-236
-226
-198
-224
-206
-204
-198
-182
-172
-118
-118
-130
-140
-122
-148
-160
-180
-180
-204
-210
-192
-164
-206
-232
-230
-238
-244
-234
-220
-204
-208
-206
-212
-212
-218
-186
-184
-226
-238
-238
-234
-260
-234
-220
-232
-208
-222
-246
-270
-258
-264
-282
-294
-322
-320
-306
-296
-286
-280
-290
-280
-276
-246
-248
-218
-232
-222
-230
-244
-256
-282
-264
-240
-240
-192
-214
-204
-216
-238
-264
-270
-268
-264
-232
-270
-268
-236
-206
-174
-176
-176
-166
-180
-170
-180
-184
-174
-158
-196
-192
-174
-178
-198
-220
-222
-222
-218
-220
-230
-234
-230
-224
-206
-254
-268
-284
-282
-298
-290
-286
-274
-240
-244
-238
-218
-216
-208
-206
-208
-196
-220
-226
-232
-252
-268
-252
-238
-236
-232
-252
-248
-248
-248
-218
-210
-202
-230
-206
-208
-210
-210
-212
-184
-200
-206
-226
-268
-254
-242
-240
-226
-248
-248
-246
-244
-246
-258
-250
-242
-234
-218
-216
-214
-204
-226
-264
-272
-278
-274
-266
-260
-234
-232
-210
-196
-196
-172
-154
-150
-138
-124
-154
-154
-176
-150
-120
-120
-102
-96
-116
-106
-72
-104
-50
-76
-66
-62
-56
-22
-16
8
28
-18
-2
8
-24
-18
-50
-102
-158
-178
-178
-196
-204
-224
-232
-230
-242
-252
-262
-246
-232
-278
-270
-268
-254
-252
-272
-300
-308
-284
-278
-250
-266
-266
-268
-286
-304
-324
-308
-282
-278
-274
-278
-276
-304
-300
-292
-294
-316
-322
-308
-304
-282
-302
-264
-286
-276
-264
-270
-268
-266
-254
-254
-258
-258
-238
-228
-244
-220
-216
-216
-212
-248
-266
-258
-256
-264
-286
-292
-264
-332
-330
-318
-292
-262
-260
-282
-266
-268
-250
-254
-284
-272
-252
-260
-280
-298
-286
-282
-288
-262
-260
-272
-260
-202
-196
-210
-204
-236
-246
-284
-266
-266
-264
-266
-282
-274
-258
-266
-266
-256
-264
-258
-300
-276
-262
-244
-270
-270
-254
-284
-270
-240
-266
-284
-244
-236
-250
-252
-278
-262
-216
-236
-256
-234
-246
-242
-244
-256
-268
-252
-244
-278
-286
-300
-302
-290
-284
-312
-316
-306
-308
-340
-296
-324
-316
-312
-324
-348
-356
-364
-340
-354
-344
-346
-342
-326
-312
-320
-288
-298
-262
-264
-224
-244
-268
-286
-288
-296
-308
-320
-334
-330
-312
-258
-270
-286
-278
-284
-294
-302
-286
-276
-294
-276
-270
-246
-248
-252
-262
-268
-274
-246
-242
-246
-236
-218
-220
-212
-220
-208
-176
-156
-118
-142
-158
-170
-188
-176
-162
-176
-190
-198
-212
-272
-262
-258
-216
-204
-238
-256
-266
-294
-322
-304
-286
-298
-280
-250
-250
-252
-242
-244
-214
-224
-230
-246
-216
-184
-184
-158
-134
-138
-104
-124
-180
-186
-218
-198
-176
-208
-244
-220
-210
-192
-188
-178
-176
-190
-218
-224
-196
-200
-170
-180
-194
-178
-182
-206
-216
-184
-174
-174
-158
-174
-178
-180
-162
-182
-168
-142
-130
-116
-118
-114
-130
-154
-114
-112
-122
-84
-84
-100
-100
-96
-46
-30
-42
-54
-66
-96
-118
-162
-164
-156
-108
-106
-140
-120
-126
-146
-116
-104
-128
-112
-110
-102
-90
-108
-94
-98
-74
-100
-88
-64
-68
-62
-36
-56
-42
-72
-58
-42
-16
-2
0
22
-2
2
-6
10
26
48
84
74
76
60
54
48
32
44
68
50
88
66
34
62
92
64
96
96
88
142
122
138
172
182
154
172
184
196
204
228
192
198
210
166
200
164
156
168
130
134
120
102
132
162
162
172
184
196
216
232
234
230
214
214
236
224
214
256
256
276
278
290
292
290
294
258
270
240
214
206
164
154
104
102
102
86
120
124
162
152
154
192
158
166
198
202
204
212
204
188
148
122
120
94
106
114
96
68
60
64
70
66
82
76
82
80
46
60
52
24
16
36
28
44
20
0
6
-48
-52
-42
-72
-92
-88
-90
-116
-140
-136
-124
-60
-82
-80
-96
-108
-66
-14
-10
44
2
-32
-36
-30
-8
-14
-24
-46
-56
-64
-58
-60
-78
-38
-54
-70
-82
-78
-60
-74
-92
-70
-62
-80
-36
-24
-26
-32
-18
-16
-34
-16
-32
-44
-48
-66
-76
-66
-66
-98
-116
-120
-122
-130
-126
-142
-118
-104
-120
-90
-86
-120
-136
-146
-178
-160
-120
-122
-158
-150
-144
-150
-166
-182
-190
-198
-220
-190
-170
-162
-168
-166
-166
-146
-146
-100
-106
-122
-108
-106
-132
-110
-110
-120
-100
-92
-92
-62
-70
-82
-122
-96
-116
-118
-164
-140
-130
-130
-138
-118
-128
-128
-108
-94
-142
-144
-120
-136
-108
-94
-64
-72
-92
-62
-46
-48
-66
-58
-54
-54
-30
-14
-44
-56
-76
-82
-64
-58
-64
-66
-68
-70
-96
-130
-122
-120
-92
-62
-70
-66
-70
-70
-46
-34
-2
12
8
42
-26
-78
-82
-82
-112
-132
-140
-148
-158
-120
-110
-136
-126
-142
-180
-196
-222
-212
-224
-220
-238
-214
-232
-204
-224
-216
-242
-264
-262
-258
-244
-242
-238
-200
-198
-226
-236
-212
-204
-194
-242
-232
-234
-242
-238
-246
-228
-232
-256
-276
-268
-258
-272
-248
-244
-278
-286
-312
-292
-288
-302
-312
-298
-294
-298
-288
-288
-282
-276
-308
-340
-340
-336
-322
-324
-326
-312
-310
-328
-344
-320
-298
-300
-284
-288
-306
-292
-286
-274
-256
-292
-270
-270
-270
-292
-300
-290
-280
-282
-306
-298
-316
-306
-286
-274
-276
-284
-272
-272
-234
-236
-260
-300
-282
-270
-308
-310
-308
-308
-298
-302
-242
-218
-212
-216
-228
-230
-236
-234
-252
-242
-238
-238
-240
-234
-212
-224
-248
-234
-228
-248
-268
-302
-294
-256
-238
-224
-260
-244
-254
-252
-216
-190
-206
-224
-204
-204
-164
-180
-160
-144
-140
-186
-198
-204
-208
-160
-118
-86
-108
-124
-108
-100
-124
-124
-120
-152
-162
-168
-144
-124
-78
-70
-80
-50
-40
-60
-42
-68
-48
-36
-60
-70
-66
-70
-78
-82
-58
-88
-66
-28
-2
12
-26
-40
-38
-66
-96
-80
-78
-104
-124
-108
-66
-30
-30
-36
-72
-68
-72
-58
-50
-48
-62
-50
-12
-8
34
66
104
146
148
172
212
182
182
178
202
194
204
208
200
214
248
248
246
272
264
266
246
266
262
268
258
270
274
250
262
256
216
212
180
186
198
240
238
236
240
226
238
246
254
236
232
236
256
258
244
288
306
288
310
268
276
276
274
264
292
236
220
176
184
162
146
150
152
112
112
90
108
122
102
114
134
138
148
136
122
140
182
186
170
156
156
140
140
102
88
64
78
58
28
6
-22
-38
-56
-46
-104
-80
-98
-86
-88
-102
-100
-96
-92
-126
-120
-152
-134
-148
-210
-232
-182
-192
-190
-212
-240
-266
-268
-248
-236
-214
-206
-210
-210
-162
-132
-140
-142
-130
-154
-156
-174
-154
-154
-168
-186
-234
-224
-208
-194
-176
-190
-152
-138
-160
-148
-116
-104
-78
-48
-70
-92
-104
-94
-110
-90
-94
-66
-24
-40
-22
-10
-10
-10
-22
-48
-6
-20
24
12
-46
-86
-112
-128
-132
-104
-132
-140
-146
-142
-138
-136
-160
-134
-178
-128
-152
-174
-132
-138
-170
-206
-226
-214
-244
-216
-218
-226
-266
-274
-284
-270
-284
-288
-266
-248
-264
-246
-240
-258
-248
-268
-254
-264
-290
-290
-296
-294
-266
-274
-246
-282
-296
-278
-282
-292
-234
-256
-222
-220
-216
-200
-210
-232
-240
-246
-244
-234
-236
-226
-244
-208
-202
-218
-242
-234
-224
-222
-244
-226
-242
-250
-240
-220
-226
-206
-216
-168
-200
-232
-222
-226
-218
-210
-210
-202
-228
-218
-212
-238
-208
-184
-172
-184
-154
-200
-192
-220
-198
-226
-220
-240
-258
-238
-266
-256
-248
-228
-244
-242
-254
-234
-220
-224
-206
-220
-244
-248
-260
-268
-294
-300
-336
-340
-330
-330
-318
-308
-324
-328
-324
-294
-282
-286
-314
-308
-306
-306
-304
-288
-308
-306
-296
-262
-272
-236
-206
-214
-206
-186
-238
-278
-254
-268
-274
-270
-272
-266
-288
-286
-300
-284
-258
-274
-246
-240
-212
-222
-188
-200
-204
-200
-186
-186
-180
-184
-134
-132
-96
-106
-142
-128
-118
-110
-126
-150
-152
-168
-194
-204
-212
-196
-192
-168
-204
-222
-222
-246
-276
-284
-268
-280
-282
-294
-282
-270
-270
-272
-258
-292
-328
-302
-322
-302
-292
-306
-290
-282
-286
-268
-252
-266
-272
-290
-296
-282
-282
-300
-294
-276
-302
-264
-270
-304
-292
-300
-278
-276
-266
-248
-256
-286
-320
-308
-298
-314
-308
-302
-286
-254
-280
-314
-330
-302
-316
-310
-272
-280
-284
-290
-264
-264
-262
-268
-264
-282
-262
-288
-304
-290
-302
-296
-320
-310
-296
-296
-304
-304
-286
-280
-270
-266
-260
-252
-236
-248
-252
-234
-248
-256
-250
-256
-224
-194
-160
-156
-144
-138
-144
-180
-212
-210
-204
-230
-246
-260
-254
-236
-220
-224
-214
-196
-196
-202
-212
-240
-248
-250
-250
-230
-234
-244
-228
-232
-262
-282
-238
-262
-254
-290
-266
-250
-262
-254
-258
-274
-278
-312
-324
-310
-324
-286
-290
-292
-314
-334
-324
-310
-340
-318
-324
-292
-274
-296
-316
-294
-296
-282
-296
-278
-244
-236
-252
-252
-266
-258
-260
-252
-262
-282
-248
-212
-212
-236
-210
-258
-254
-266
-270
-270
-260
-260
-280
-252
-272
-278
-306
-296
-322
-306
-318
-308
-320
-300
-304
-276
-294
-270
-288
-286
-284
-282
-306
-290
-294
-334
-328
-338
-326
-322
-332
-348
-326
-308
-302
-298
-294
-288
-294
-288
-302
-330
-350
-324
-332
-314
-296
-292
-306
-302
-312
-332
-324
-338
-332
-330
-332
-318
-322
-342
-348
-326
-346
-354
-350
-360
-342
-330
-340
-340
-342
-342
-304
-308
-300
-322
-292
-260
-242
-258
-256
-234
-250
-264
-282
-282
-268
-280
-282
-270
-236
-250
-250
-238
-258
-256
-278
-310
-324
-314
-286
-324
-334
-332
-338
-346
-356
-344
-318
-320
-330
-324
-322
-312
-316
-320
-294
-330
-316
-292
-306
-298
-312
-312
-312
-330
-342
-308
-320
-342
-340
-348
-344
-332
-332
-324
-336
-302
-330
-330
-318
-314
-338
-312
-300
-324
-304
-302
-302
-312
-302
-312
-300
-300
-286
-266
-288
-318
-330
-348
-324
-308
-300
-318
-334
-300
-300
-264
-232
-240
-204
-192
-198
-218
-244
-228
-250
-270
-238
-220
-180
-188
-190
-204
-208
-218
-234
-232
-248
-224
-192
-188
-188
-208
-216
-226
-242
-212
-236
-232
-238
-252
-266
-228
-266
-232
-238
-244
-214
-218
-260
-244
-278
-300
-290
-282
-276
-278
-258
-224
-224
-240
-226
-228
-232
-226
-234
-234
-250
-310
-266
-284
-294
-314
-318
-302
-294
-312
-292
-288
-284
-270
-304
-298
-286
-286
-294
-282
-298
-342
-348
-338
-320
-306
-306
-262
-248
-232
-212
-208
-212
-216
-230
-266
-262
-256
-244
-238
-270
-264
-270
-260
-284
-266
-258
-256
-256
-266
-262
-276
-298
-318
-322
-334
-324
-322
-308
-286
-286
-270
-234
-268
-284
-278
-310
-338
-348
-318
-322
-308
-326
-318
-310
-286
-250
-194
-190
-174
-152
-156
-124
-92
-104
-130
-120
-112
-66
-92
-64
-96
-98
-90
-116
-108
-92
-78
-82
-64
-94
-92
-102
-130
-124
-128
-120
-148
-150
-96
-116
-92
-110
-166
-160
-132
-136
-192
-198
-212
-240
-270
-278
-284
-244
-264
-268
-232
-244
-252
-234
-262
-236
-250
-266
-280
-270
-254
-242
-256
-276
-272
-268
-234
-252
-250
-238
-252
-268
-268
-288
-274
-268
-240
-294
-286
-314
-282
-246
-258
-246
-220
-210
-178
-200
-178
-136
-134
-108
-88
-60
-64
-96
-74
-86
-142
-134
-126
-124
-136
-108
-104
-106
-168
-178
-160
-152
-142
-166
-158
-150
-140
-148
-158
-142
-154
-126
-154
-130
-102
-108
-144
-150
-148
-144
-130
-124
-102
-132
-154
-158
-128
-126
-128
-160
-170
-168
-188
-196
-214
-204
-200
-188
-192
-192
-196
-184
-186
-176
-156
-190
-210
-194
-192
-200
-188
-172
-190
-176
-200
-218
-198
-192
-214
-184
-182
-116
-130
-124
-152
-116
-146
-172
-150
-178
-144
-176
-188
-188
-192
-224
-208
-218
-190
-196
-184
-168
-150
-176
-164
-172
-178
-160
-166
-156
-174
-184
-178
-192
-184
-170
-168
-150
-154
-174
-198
-206
-182
-200
-236
-238
-214
-238
-228
-232
-240
-256
-262
-280
-248
-230
-270
-270
-230
-232
-252
-250
-242
-252
-210
-246
-268
-300
-284
-282
-218
-200
-204
-162
-138
-146
-130
-132
-184
-162
-172
-188
-184
-158
-140
-130
-152
-152
-136
-132
-68
-40
-34
-62
-74
-52
-66
-66
-90
-108
-100
-100
-122
-110
-114
-58
-58
-68
-40
-70
-110
-86
-72
-32
-18
-26
40
12
30
32
28
12
-12
-32
-24
-38
-6
28
-10
-18
-4
-38
-60
-88
-78
-106
-144
-154
-186
-172
-176
-176
-202
-220
-230
-228
-242
-228
-236
-258
-250
-276
-240
-236
-258
-228
-252
-270
-298
-262
-262
-246
-272
-274
-250
-268
-244
-214
-210
-190
-202
-214
-196
-212
-234
-208
-188
-170
-174
-154
-162
-138
-108
-96
-116
-84
-112
-80
-66
-68
-56
-100
-78
-90
-74
-58
-52
-32
-16
-28
-14
36
86
88
76
70
100
80
44
24
32
48
22
38
14
14
-4
-30
-32
-42
-28
-16
34
2
24
12
-12
22
26
10
36
52
38
34
40
48
60
96
84
110
114
90
104
94
84
60
66
46
40
44
26
52
92
116
114
112
90
120
106
138
168
134
124
100
142
154
158
114
102
116
108
114
116
116
124
110
128
100
140
150
128
120
114
108
86
56
74
88
94
54
56
86
54
42
82
96
108
106
82
64
42
-4
8
42
6
16
26
40
66
58
54
54
60
80
36
36
16
-16
-6
6
32
78
100
78
48
46
42
50
82
104
86
64
80
104
88
110
116
154
138
122
122
110
108
106
126
92
88
62
42
18
48
74
78
52
50
34
22
48
62
54
54
84
82
72
32
54
18
-14
-50
-66
-52
-62
-48
-24
12
18
18
2
-2
-16
2
-4
8
18
22
-14
-10
-14
-28
-40
-12
-12
6
-14
-2
24
22
40
90
76
82
70
114
106
108
100
134
130
134
144
154
124
150
136
112
122
104
104
110
58
50
108
154
132
164
176
186
174
158
150
158
170
176
144
158
138
150
138
124
138
128
142
158
148
152
146
160
132
120
152
158
142
142
180
196
194
172
144
180
168
142
138
110
116
78
80
70
92
58
46
42
28
-4
24
40
50
60
92
114
96
104
132
180
188
184
198
212
218
202
208
190
232
240
272
266
290
276
268
266
292
286
252
198
214
220
240
236
236
248
282
278
328
296
314
296
282
298
320
334
326
320
348
332
330
330
328
328
338
328
326
320
336
314
312
306
304
270
292
308
322
300
302
322
318
280
246
252
260
246
240
260
288
262
272
286
244
248
258
264
244
256
272
268
272
266
238
240
226
256
260
260
260
266
272
272
242
260
234
228
274
288
298
320
318
296
314
348
356
350
300
266
290
284
268
246
254
234
218
232
232
226
236
212
216
194
166
204
212
196
226
222
202
242
246
254
270
260
244
222
244
240
234
248
286
274
274
242
234
256
220
220
232
232
244
224
234
230
226
224
234
228
208
218
212
234
216
288
302
296
270
248
266
256
256
268
282
260
238
262
226
212
206
200
186
208
176
162
202
180
180
190
212
208
200
202
204
222
226
194
180
194
198
196
200
182
164
156
164
180
160
172
158
176
168
184
170
172
138
170
178
192
250
226
226
222
244
242
220
240
256
262
266
276
254
262
282
270
276
290
260
278
296
270
286
276
264
262
256
288
276
286
288
300
308
304
298
316
314
298
274
276
296
298
264
240
252
250
256
230
226
190
222
228
230
238
232
210
176
202
234
228
224
182
214
208
224
252
252
276
300
302
310
334
320
320
312
264
262
260
250
242
246
226
210
200
176
166
190
190
180
170
176
198
162
144
148
148
136
136
140
130
124
110
82
118
124
130
128
136
132
136
126
144
152
150
160
112
80
70
88
86
106
132
132
116
180
212
236
244
250
248
244
234
226
252
246
258
268
276
270
232
258
252
272
304
328
344
324
330
328
322
308
332
322
342
324
310
316
318
318
298
276
296
298
304
316
322
294
252
266
278
264
234
232
248
224
176
176
194
192
198
152
150
156
164
160
214
206
218
212
214
220
216
210
224
248
230
248
250
246
266
264
272
258
264
270
292
282
288
276
244
268
216
212
216
212
210
244
288
294
310
290
302
302
306
312
292
278
280
290
274
264
274
294
302
320
328
296
264
256
286
302
284
270
282
294
284
282
282
298
284
328
320
302
288
286
296
292
290
272
264
300
308
290
300
304
298
260
244
242
268
248
258
250
266
286
266
262
262
258
248
232
248
246
266
268
254
256
246
224
258
236
246
284
286
298
322
298
264
248
276
262
234
254
248
260
246
262
238
208
230
202
166
192
164
164
166
174
140
118
114
122
126
136
152
186
190
182
188
134
106
118
98
118
102
60
92
94
120
130
142
210
266
258
270
262
248
282
262
256
238
218
204
206
222
214
228
196
202
212
204
176
182
154
198
182
202
216
192
182
218
210
240
244
246
232
244
248
262
264
268
268
296
288
298
266
274
270
276
282
274
250
256
238
236
240
228
212
222
214
226
190
172
178
174
168
166
122
154
182
194
194
210
164
164
194
174
194
206
226
256
250
260
228
240
224
222
220
228
224
216
210
184
166
142
116
102
98
106
112
122
116
128
146
114
132
158
140
154
164
146
102
152
92
88
62
40
78
86
102
146
144
162
120
116
96
92
102
60
72
64
44
14
16
20
16
32
64
44
68
72
84
106
134
110
102
106
98
84
118
102
114
110
122
84
76
100
66
104
100
82
100
122
94
104
124
116
132
144
162
138
112
114
130
114
92
82
100
88
74
104
98
100
88
98
94
90
100
90
72
74
98
132
106
114
88
128
90
88
74
42
32
34
20
24
8
-2
-20
-22
-24
4
10
26
36
58
42
78
48
26
46
8
-26
-54
-78
-106
-116
-94
-90
-100
-106
-110
-118
-126
-166
-154
-132
-110
-106
-60
-54
-48
-66
-48
-56
-28
-36
-56
-72
-34
-16
-40
-30
-38
-50
-16
0
4
24
-6
10
-26
-38
-36
-48
-40
-62
-78
-72
-62
-56
-28
-6
-40
-58
-26
-14
2
-2
-14
-4
-14
-8
-28
-66
-78
-94
-90
-110
-128
-142
-132
-108
-144
-154
-160
-150
-164
-158
-176
-196
-194
-216
-190
-222
-222
-246
-234
-242
-238
-238
-274
-292
-296
-264
-304
-314
-314
-296
-300
-308
-304
-276
-258
-296
-294
-304
-268
-284
-284
-312
-330
-344
-338
-330
-336
-312
-300
-270
-264
-256
-254
-266
-308
-274
-274
-260
-248
-242
-218
-196
-186
-172
-146
-156
-168
-192
-206
-234
-228
-230
-216
-218
-200
-214
-226
-198
-210
-200
-268
-266
-276
-268
-268
-256
-220
-234
-286
-292
-282
-250
-246
-246
-250
-254
-238
-210
-212
-210
-214
-206
-208
-176
-204
-200
-226
-224
-230
-232
-224
-218
-232
-218
-210
-198
-240
-252
-260
-286
-312
-340
-338
-332
-306
-306
-312
-344
-308
-300
-280
-286
-232
-252
-256
-242
-256
-266
-240
-270
-264
-258
-256
-258
-250
-228
-264
-258
-244
-214
-210
-232
-238
-232
-248
-272
-282
-306
-310
-298
-314
-310
-318
-316
-294
-308
-320
-320
-308
-312
-312
-322
-304
-280
-264
-262
-242
-228
-226
-252
-282
-248
-266
-272
-300
-272
-284
-260
-248
-264
-274
-274
-276
-284
-294
-274
-288
-288
-276
-264
-276
-284
-304
-270
-260
-260
-266
-264
-270
-270
-244
-272
-298
-306
-260
-232
-246
-260
-254
-216
-216
-200
-200
-222
-196
-232
-232
-216
-196
-144
-176
-162
-168
-154
-122
-90
-106
-140
-130
-122
-98
-112
-134
-138
-144
-170
-162
-166
-172
-160
-170
-160
-168
-168
-192
-230
-224
-208
-218
-210
-222
-236
-240
-220
-188
-184
-188
-192
-158
-162
-214
-192
-204
-194
-172
-170
-188
-134
-184
-138
-160
-198
-222
-228
-218
-188
-216
-192
-194
-224
-224
-232
-202
-178
-180
-174
-186
-170
-146
-140
-194
-192
-198
-212
-204
-212
-194
-218
-204
-222
-216
-214
-218
-198
-174
-182
-230
-240
-218
-242
-250
-252
-284
-268
-244
-256
-248
-244
-250
-238
-246
-244
-220
-192
-212
-216
-208
-164
-160
-168
-148
-144
-122
-162
-146
-164
-194
-200
-216
-202
-250
-234
-276
-280
-296
-288
-290
-300
-290
-270
-286
-278
-284
-306
-308
-302
-298
-306
-302
-316
-328
-332
-320
-302
-238
-242
-234
-218
-238
-216
-194
-212
-194
-232
-216
-198
-188
-208
-222
-256
-260
-284
-300
-268
-244
-286
-290
-286
-278
-278
-280
-298
-284
-284
-286
-308
-286
-262
-274
-262
-280
-294
-310
-314
-300
-290
-288
-276
-274
-262
-234
-220
-214
-196
-202
-204
-194
-210
-222
-244
-244
-214
-196
-222
-196
-192
-184
-180
-168
-150
-122
-120
-94
-130
-138
-150
-162
-114
-110
-140
-152
-162
-162
-182
-146
-140
-92
-74
-52
-32
-40
-30
-32
-24
-18
-42
-30
-30
-52
-82
-110
-116
-136
-146
-106
-144
-164
-150
-154
-110
-112
-134
-154
-140
-120
-110
-98
-116
-100
-82
-102
-108
-116
-96
-126
-114
-92
-114
-110
-140
-154
-150
-192
-166
-142
-142
-158
-138
-170
-174
-134
-134
-126
-150
-148
-140
-132
-106
-110
-124
-192
-208
-220
-204
-202
-198
-212
-232
-218
-230
-226
-234
-250
-258
-220
-174
-160
-188
-210
-180
-204
-204
-198
-192
-186
-192
-194
-174
-162
-170
-146
-158
-160
-156
-178
-170
-182
-152
-122
-130
-130
-150
-178
-152
-160
-196
-202
-222
-206
-172
-178
-166
-138
-182
-208
-218
-206
-232
-242
-276
-284
-308
-298
-304
-312
-328
-346
-354
-326
-326
-300
-312
-308
-280
-284
-252
-228
-238
-246
-272
-284
-306
-280
-258
-264
-266
-282
-306
-302
-302
-300
-322
-320
-286
-314
-294
-282
-268
-288
-290
-288
-298
-288
-298
-284
-290
-270
-264
-302
-294
-308
-298
-278
-298
-264
-280
-292
-266
-272
-260
-284
-286
-330
-320
-300
-328
-326
-308
-308
-268
-256
-258
-222
-204
-198
-208
-212
-218
-228
-246
-264
-224
-186
-192
-176
-176
-198
-204
-184
-178
-194
-188
-216
-200
-234
-208
-238
-218
-244
-226
-210
-204
-220
-224
-222
-220
-242
-250
-258
-244
-254
-236
-278
-270
-258
-248
-262
-236
-220
-236
-216
-208
-204
-174
-154
-136
-144
-132
-142
-154
-110
-104
-118
-108
-122
-156
-126
-56
-30
-30
-46
-78
-62
-40
-68
-118
-114
-100
-82
-138
-150
-134
-126
-120
-116
-154
-136
-136
-138
-142
-100
-100
-92
-62
-38
-22
10
26
14
4
-6
20
-24
-18
-8
8
2
-2
-26
-18
-4
0
-12
-30
-12
-2
12
-24
-12
18
46
54
40
24
60
52
34
12
34
50
78
86
116
76
36
58
38
80
84
106
148
158
158
160
172
170
154
158
132
128
128
96
124
124
140
118
124
134
122
136
142
144
90
108
106
122
122
116
112
102
62
86
54
44
30
6
24
22
2
-42
-56
-136
-156
-174
-184
-134
-130
-106
-80
-84
-124
-122
-122
-120
-146
-204
-208
-220
-218
-196
-208
-226
-244
-230
-222
-236
-230
-252
-270
-272
-266
-266
-252
-262
-284
-280
-250
-256
-258
-276
-252
-244
-220
-232
-272
-264
-254
-268
-292
-286
-258
-238
-250
-244
-252
-240
-240
-250
-252
-264
-262
-246
-224
-214
-218
-210
-186
-208
-192
-220
-218
-240
-210
-224
-252
-242
-242
-232
-206
-212
-212
-186
-166
-134
-118
-104
-106
-138
-124
-112
-96
-106
-122
-138
-116
-140
-134
-148
-138
-128
-122
-92
-96
-128
-136
-166
-164
-142
-174
-156
-122
-132
-152
-164
-168
-208
-240
-242
-244
-230
-214
-210
-222
-220
-230
-210
-216
-226
-204
-230
-224
-208
-204
-176
-170
-220
-228
-256
-252
-260
-238
-266
-250
-278
-290
-282
-270
-252
-260
-302
-308
-322
-330
-326
-316
-338
-330
-320
-316
-294
-320
-298
-306
-286
-284
-266
-260
-256
-262
-274
-302
-310
-302
-286
-272
-286
-274
-272
-280
-274
-300
-318
-342
-332
-330
-326
-332
-332
-356
-342
-342
-330
-318
-306
-322
-292
-272
-286
-292
-298
-310
-312
-296
-274
-272
-298
-330
-334
-314
-312
-320
-276
-294
-254
-238
-254
-268
-258
-256
-272
-228
-224
-166
-198
-172
-194
-180
-142
-136
-118
-94
-76
-52
-22
-20
-18
-26
-6
-32
-48
-60
-82
-112
-124
-102
-120
-134
-138
-174
-156
-124
-104
-138
-142
-156
-128
-128
-82
-84
-142
-126
-140
-160
-168
-174
-202
-180
-164
-204
-200
-246
-222
-232
-240
-206
-178
-196
-154
-144
-172
-178
-178
-192
-194
-236
-208
-184
-148
-132
-128
-132
-122
-126
-104
-124
-120
-110
-82
-94
-98
-96
-92
-88
-104
-88
-52
0
-4
14
0
-4
-24
-44
-36
-38
-48
-38
12
-34
-58
-72
-76
-82
-68
-52
-62
-78
-76
-84
-116
-142
-160
-146
-144
-164
-136
-154
-164
-166
-142
-104
-154
-142
-152
-200
-220
-222
-234
-218
-236
-230
-234
-228
-220
-222
-260
-256
-266
-268
-260
-238
-238
-212
-178
-202
-194
-192
-182
-158
-110
-130
-136
-104
-130
-154
-148
-144
-88
-108
-100
-116
-132
-116
-138
-114
-120
-148
-164
-148
-130
-156
-190
-204
-204
-238
-220
-256
-272
-264
-272
-296
-318
-312
-290
-240
-212
-222
-238
-264
-230
-258
-250
-272
-258
-262
-254
-268
-240
-218
-210
-204
-210
-246
-266
-242
-262
-252
-246
-236
-222
-230
-212
-210
-196
-188
-198
-218
-174
-176
-196
-162
-152
-134
-132
-152
-164
-178
-190
-196
-240
-240
-280
-244
-230
-202
-238
-240
-234
-206
-202
-222
-250
-278
-286
-280
-270
-262
-242
-268
-290
-274
-266
-244
-228
-242
-240
-250
-228
-232
-208
-208
-220
-238
-222
-226
-210
-254
-230
-218
-218
-200
-190
-204
-192
-170
-160
-160
-174
-138
-110
-90
-104
-96
-90
-92
-88
-70
-100
-106
-104
-86
-114
-114
-128
-110
-102
-114
-122
-140
-136
-136
-138
-134
-138
-122
-146
-168
-152
-156
-178
-158
-176
-190
-176
-162
-146
-126
-112
-110
-114
-138
-160
-134
-136
-128
-128
-146
-164
-152
-146
-174
-174
-180
-172
-180
-192
-234
-240
-230
-234
-244
-266
-254
-292
-308
-294
-282
-306
-300
-318
-306
-322
-292
-292
-298
-270
-274
-264
-268
-254
-270
-268
-260
-268
-276
-280
-290
-266
-290
-300
-312
-318
-318
-314
-306
-296
-298
-270
-262
-256
-260
-272
-290
-296
-304
-272
-274
-264
-266
-254
-250
-248
-210
-234
-216
-188
-162
-144
-138
-112
-90
-128
-154
-152
-166
-160
-152
-180
-198
-176
-164
-206
-230
-230
-196
-198
-214
-230
-220
-186
-192
-192
-172
-172
-172
-164
-150
-156
-142
-158
-122
-116
-112
-140
-168
-146
-112
-130
-142
-136
-126
-138
-128
-144
-144
-126
-124
-162
-180
-210
-210
-226
-230
-226
-216
-226
-190
-220
-232
-204
-198
-174
-186
-174
-158
-142
-152
-116
-128
-162
-196
-208
-214
-222
-240
-220
-228
-220
-232
-232
-200
-204
-236
-238
-226
-190
-168
-146
-148
-152
-200
-190
-174
-168
-162
-144
-158
-168
-180
-204
-214
-242
-242
-244
-266
-276
-286
-258
-288
-294
-282
-250
-248
-226
-240
-262
-250
-286
-324
-326
-328
-300
-306
-308
-290
-286
-308
-318
-364
-352
-330
-334
-328
-328
-320
-280
-270
-298
-308
-294
-306
-270
-280
-304
-292
-326
-324
-308
-322
-306
-320
-322
-304
-320
-324
-308
-332
-338
-336
-324
-328
-312
-310
-286
-294
-274
-242
-282
-300
-276
-284
-276
-278
-294
-280
-276
-274
-268
-284
-306
-298
-298
-302
-282
-310
-260
-280
-268
-266
-220
-192
-206
-202
-180
-162
-156
-154
-154
-156
-146
-136
-156
-160
-158
-172
-150
-150
-144
-152
-140
-176
-218
-198
-232
-212
-198
-184
-194
-198
-182
-172
-156
-186
-214
-204
-196
-226
-250
-242
-252
-276
-266
-266
-216
-226
-216
-226
-232
-234
-262
-266
-266
-270
-248
-260
-226
-248
-230
-244
-230
-240
-218
-200
-190
-210
-246
-248
-248
-258
-266
-246
-226
-226
-232
-222
-208
-222
-232
-262
-268
-246
-248
-222
-228
-254
-268
-236
-228
-236
-228
-240
-252
-264
-280
-306
-272
-276
-284
-260
-256
-264
-256
-238
-260
-240
-238
-212
-190
-228
-248
-252
-254
-250
-220
-196
-182
-154
-162
-144
-104
-76
-70
-58
-54
-52
-76
-30
-52
-32
-24
-26
-2
-22
-38
-74
-76
-86
-124
-114
-158
-178
-180
-192
-182
-162
-188
-208
-224
-208
-222
-202
-220
-216
-196
-214
-240
-224
-208
-200
-184
-172
-224
-212
-216
-206
-176
-164
-132
-122
-96
-108
-98
-96
-54
-100
-132
-136
-172
-128
-148
-186
-214
-206
-218
-216
-246
-242
-254
-244
-228
-236
-224
-208
-194
-202
-228
-192
-228
-234
-242
-240
-208
-194
-222
-192
-182
-186
-198
-218
-192
-156
-160
-138
-150
-148
-166
-168
-168
-198
-186
-184
-144
-136
-136
-144
-162
-138
-148
-188
-190
-224
-230
-242
-234
-256
-252
-266
-266
-284
-288
-300
-264
-266
-242
-238
-254
-266
-262
-244
-238
-282
-306
-300
-292
-302
-286
-308
-306
-312
-304
-292
-294
-300
-258
-264
-246
-226
-186
-140
-132
-118
-164
-130
-138
-126
-80
-78
-76
-66
-106
-90
-122
-120
-92
-92
-92
-78
-98
-118
-122
-108
-118
-110
-142
-150
-148
-152
-128
-134
-142
-158
-178
-164
-178
-168
-168
-190
-178
-206
-160
-150
-132
-126
-80
-82
-70
-74
-60
-8
-16
-14
-82
-102
-106
-106
-102
-112
-106
-100
-86
-114
-114
-84
-80
-64
-66
-16
-20
-34
-30
-34
-72
-60
-94
-80
-96
-74
-78
-66
-64
-54
-54
-98
-76
-76
-80
-64
-92
-74
-54
-56
-70
-44
-64
-54
-80
-40
-82
-88
-90
-98
-102
-82
-94
-126
-136
-124
-120
-136
-150
-146
-136
-120
-142
-120
-112
-108
-134
-154
-186
-150
-188
-154
-154
-154
-186
-214
-220
-198
-238
-236
-226
-218
-220
-244
-244
-256
-242
-222
-234
-252
-228
-204
-170
-188
-198
-168
-166
-186
-158
-170
-188
-184
-178
-158
-150
-198
-194
-184
-202
-222
-190
-198
-214
-180
-180
-164
-142
-140
-106
-112
-112
-124
-126
-108
-100
-78
-142
-118
-146
-166
-132
-114
-148
-122
-96
-108
-104
-102
-50
-70
-60
-64
-58
-32
-76
-82
-86
-70
-62
-38
-56
-54
-50
-48
-32
2
-8
-44
-62
-74
-88
-80
-114
-94
-114
-88
-76
-60
-58
-24
-36
-16
-34
-20
-14
-4
-10
-20
-28
-30
-48
6
8
28
-14
-32
4
-6
-2
0
-56
-62
-50
-36
-50
-22
-30
24
22
14
40
72
82
80
86
82
66
108
102
86
44
22
14
16
14
12
-2
20
-6
-12
-22
-26
-40
-64
-78
-108
-78
-80
-66
-30
-24
-64
-64
-72
-72
-112
-94
-132
-156
-130
-136
-134
-174
-160
-134
-120
-148
-146
-158
-150
-154
-188
-194
-174
-150
-156
-170
-168
-172
-208
-214
-230
-188
-196
-216
-228
-234
-250
-222
-222
-210
-228
-226
-230
-200
-212
-190
-192
-210
-208
-244
-250
-230
-210
-172
-188
-206
-198
-206
-218
-230
-234
-264
-292
-282
-282
-278
-264
-236
-244
-256
-216
-192
-236
-260
-278
-276
-266
-252
-240
-260
-274
-282
-284
-312
-266
-276
-250
-220
-254
-214
-206
-214
-194
-202
-198
-176
-178
-186
-172
-182
-204
-248
-246
-234
-282
-310
-286
-306
-300
-300
-316
-326
-308
-286
-316
-306
-300
-266
-260
-274
-258
-280
-248
-232
-222
-214
-210
-214
-206
-200
-196
-204
-188
-166
-168
-140
-182
-198
-216
-250
-238
-220
-232
-240
-272
-276
-266
-272
-256
-248
-222
-228
-218
-224
-228
-200
-168
-180
-180
-136
-176
-160
-166
-184
-200
-210
-226
-272
-244
-258
-272
-296
-290
-258
-244
-242
-226
-242
-254
-268
-284
-270
-232
-270
-258
-274
-274
-256
-214
-208
-186
-164
-210
-206
-202
-206
-174
-136
-174
-180
-174
-166
-176
-142
-96
-100
-98
-104
-74
-88
-138
-156
-142
-124
-124
-94
-100
-134
-142
-128
-106
-128
-140
-126
-136
-146
-146
-166
-134
-156
-124
-116
-110
-90
-114
-118
-130
-152
-146
-142
-138
-152
-152
-158
-160
-164
-124
-118
-118
-132
-130
-112
-106
-98
-114
-150
-164
-152
-116
-92
-88
-78
-66
-72
-82
-102
-102
-118
-100
-136
-118
-116
-126
-92
-58
-72
-74
-86
-104
-114
-122
-106
-88
-94
-82
-58
-54
-60
-60
-48
-62
-40
-34
-42
-52
-84
-126
-108
-154
-100
-52
-50
-46
-58
-86
-96
-118
-108
-134
-136
-118
-128
-120
-126
-100
-74
-98
-84
-88
-104
-126
-116
-140
-146
-138
-134
-156
-154
-144
-104
-70
-100
-62
-58
-20
-32
-4
2
14
-6
-16
4
-16
-10
-10
-26
-22
-56
-60
-64
-88
-102
-64
-98
-96
-76
-86
-104
-62
-78
-54
-40
-28
-10
-14
-16
-48
-36
18
22
16
2
-12
-24
-24
16
20
18
62
50
50
24
24
36
32
-4
32
44
12
26
74
90
80
64
88
96
108
126
90
56
38
-2
6
-12
-24
-36
-66
-58
-44
-50
-34
-34
-42
-36
-14
-10
-30
-12
14
26
54
50
76
114
128
126
106
72
34
32
-24
-64
-88
-118
-128
-138
-118
-110
-114
-142
-130
-170
-176
-118
-108
-74
-64
-82
-88
-32
-10
18
12
2
-2
2
-14
18
26
42
46
22
-24
-20
0
48
8
36
26
10
-18
-28
8
12
4
30
32
28
60
74
48
36
46
26
36
58
44
28
32
46
50
60
42
18
20
42
4
-6
6
18
6
38
28
66
22
8
-44
-18
24
50
50
34
54
20
-4
-2
10
-6
-26
-22
4
8
12
24
26
70
62
58
64
50
80
88
60
56
86
104
92
104
90
154
176
204
192
164
202
200
186
186
222
186
160
166
176
172
160
194
232
218
220
208
230
200
204
178
200
192
194
228
204
188
182
208
232
248
264
318
290
236
266
262
272
252
280
280
264
236
262
288
286
306
304
334
334
314
294
276
254
258
254
266
238
232
250
278
284
270
266
268
260
276
282
290
248
218
220
222
256
268
268
246
278
260
258
232
224
212
208
196
200
216
200
192
202
178
208
214
184
210
184
208
188
180
208
192
198
208
218
196
206
158
178
182
194
190
180
202
188
194
208
252
262
250
250
246
246
240
206
182
218
194
178
164
190
188
220
206
186
206
218
230
226
194
208
216
224
240
246
242
248
246
258
284
304
310
330
322
292
290
276
294
292
292
296
312
298
274
284
278
250
240
266
236
232
240
236
248
248
250
260
262
254
288
260
272
280
274
270
300
326
298
284
264
270
296
266
266
246
244
242
266
258
258
264
256
292
296
282
292
292
290
260
226
212
246
258
268
240
240
250
260
272
254
234
248
272
254
268
246
224
210
194
212
200
180
144
140
144
154
170
170
154
118
90
98
58
70
62
50
28
66
34
56
34
12
10
22
18
4
10
20
48
24
26
28
52
80
48
26
22
16
26
24
4
-12
-18
22
52
80
106
84
114
106
96
90
130
146
160
164
114
46
12
12
4
-2
-6
-30
-18
-14
-22
12
22
-2
14
-8
4
14
58
76
42
80
44
66
98
104
106
106
96
118
146
138
114
116
130
144
138
158
136
156
122
114
134
112
122
100
112
96
100
90
120
94
78
80
36
38
28
44
2
-4
46
40
68
88
116
132
142
128
134
148
132
158
166
180
152
190
182
198
194
210
180
174
202
210
250
240
246
232
228
240
266
294
290
280
274
276
270
260
284
274
262
288
274
276
248
256
220
236
216
208
232
240
252
188
180
162
98
120
106
122
144
138
180
186
178
146
136
114
134
122
154
156
150
110
116
160
150
130
106
136
114
100
98
106
90
124
150
162
154
136
126
92
130
100
104
130
106
106
130
146
126
142
158
132
146
150
158
138
134
144
164
146
78
64
84
22
-26
-58
-104
-152
-126
-148
-132
-114
-116
-100
-140
-174
-200
-220
-216
-236
-208
-168
-174
-184
-204
-218
-232
-240
-248
-264
-294
-294
-270
-234
-240
-260
-250
-240
-244
-256
-250
-262
-270
-250
-248
-254
-248
-232
-246
-256
-270
-268
-220
-218
-208
-194
-166
-170
-180
-182
-198
-192
-194
-186
-154
-142
-100
-84
-90
-68
-122
-96
-88
-66
-18
-50
-38
-20
-30
-28
-60
-56
-56
-40
-72
-90
-76
-84
-74
-52
-14
-10
-16
-28
-22
-20
-20
-4
4
18
-8
4
-40
-50
-20
-50
-24
-2
2
70
24
2
42
58
74
68
84
66
50
8
-32
-52
-86
-114
-110
-102
-104
-88
-86
-56
-42
-16
18
32
50
92
104
98
72
88
